0.199426,0.148766,0.0895917,-0.00314938,-0.0071457,0.0419543,0.999089
0.474496,0.190933,0.0735506,-0.010568,-0.000920758,0.0380019,0.999221
0.730947,0.206869,0.0831419,-0.002636,-0.00300643,-0.0144801,0.999887
1.00862,0.208585,0.0828695,-0.00656688,-0.00140571,-0.0297636,0.999534
1.27678,0.202667,0.0834078,-0.00367936,-0.00374211,-0.0335082,0.999425
1.54472,0.199428,0.0724773,-0.00862406,-0.00497882,-0.0410619,0.999107
1.80362,0.199028,0.0980174,-0.015057,-0.00176239,-0.0434054,0.998943
2.05501,0.203067,0.0762908,-0.0138224,-0.00915836,-0.0150895,0.999749
2.30473,0.215372,0.0803541,-0.0105987,-0.00110226,0.0214903,0.999712
2.56609,0.247953,0.0680862,-0.0164808,0.00969125,0.0245867,0.999515
2.81976,0.277453,0.0765305,-0.0153285,0.0143255,0.208583,0.97778
2.87977,0.529837,0.0625086,-0.00547196,0.00492001,0.433766,0.900996
3.02324,0.763733,0.0757672,-0.00407376,0.00780505,0.535919,0.844224
3.10398,1.00848,0.0746881,-0.00588408,0.00569852,0.597098,0.802126
3.14916,1.27358,0.0634577,-0.00289289,0.0132885,0.65436,0.756061
3.13595,1.53324,0.056457,0.000926934,0.0128979,0.721655,0.692132
3.10196,1.79361,0.0673411,0.0051288,0.00371216,0.733415,0.679752
3.04164,2.05304,0.0694551,0.00758565,-0.00142792,0.781653,0.623665
2.93064,2.27966,0.0606068,0.00616476,0.00424027,0.846833,0.531806
2.77358,2.4795,0.066276,0.00453203,0.00318083,0.904241,0.426986
2.58301,2.65834,0.0552856,0.00565187,0.011988,0.942939,0.332701
2.36855,2.80114,0.0706264,0.0278853,0.0075113,0.962898,0.268315
2.12043,2.9089,0.0702494,0.0213595,0.0171094,0.983437,0.179172
1.85339,2.97669,0.0716054,0.0129989,0.0182237,0.992098,0.123452
1.58834,3.01523,0.0904856,0.000815626,0.00720742,0.99376,0.111305
1.34018,3.05729,0.0761282,-0.00417149,0.0121726,0.996399,0.0838011
1.07604,3.06963,0.0774728,0.00921916,0.0122333,0.99965,0.0215455
0.808166,3.06719,0.0871789,0.00938441,0.017004,0.999801,0.0045236
0.536631,3.05396,0.0988351,0.00859282,0.0128257,0.999872,0.004244
0.2679,3.04234,0.104554,0.0112767,0.0149347,0.999824,0.00114946
0.0174723,3.03018,0.108024,-0.0105273,-0.0174873,-0.999792,0.000351051
-0.263852,3.0179,0.12436,0.00686326,0.0139039,0.999853,0.00735838
-0.519232,3.00796,0.131636,-0.00809795,-0.0155795,-0.999846,0.000451648
-0.796979,2.99772,0.139721,-0.00888434,-0.0200079,-0.999758,0.00212335
-1.07097,2.99055,0.150404,0.00773617,0.0167455,0.999825,0.00313295
-1.33893,2.97703,0.161547,0.012109,0.0135681,0.999799,0.00848034
-1.6116,2.96579,0.169273,-0.012334,-0.0170326,-0.999779,0.0007828
-1.87688,2.95324,0.185025,0.00795243,0.0164409,0.99983,0.00237021
-2.12793,2.93971,0.181762,0.00845801,0.0133502,0.999868,0.00380446
-2.40374,2.92746,0.190234,0.0100212,0.0140932,0.99985,0.000357739
-2.67625,2.91975,0.200865,-0.00789838,-0.0175577,-0.999814,0.00151851
-2.92694,2.90497,0.2089,0.0116768,0.0153045,0.999803,0.00482103
-3.19073,2.89413,0.206707,0.0115436,0.0136142,0.999838,0.00250734
-3.45946,2.88058,0.216387,-0.00990599,-0.0171287,-0.999804,0.000213694
-3.74779,2.87335,0.218041,0.0112998,0.0149532,0.999815,0.00424793
-4.01654,2.85448,0.227527,0.0101792,0.0142876,0.999843,0.00245021
-4.30043,2.84457,0.232827,0.0108368,0.014781,0.999832,0.000492885
-4.58395,2.82966,0.239392,0.0101554,0.0151582,0.999827,0.00351334
-4.84491,2.80983,0.248114,-0.00999063,-0.0115126,-0.999882,0.00169388
-5.12284,2.79948,0.251558,-0.0101505,-0.011269,-0.999871,0.00521272
-5.39057,2.78348,0.256081,-0.00867625,-0.0120333,-0.999884,0.00337614
-5.67594,2.7668,0.254004,-0.00569921,-0.00953511,-0.999935,0.00274774
-5.96318,2.74741,0.261973,-0.0043973,-0.00983166,-0.99991,0.00797971
-6.21682,2.73351,0.258177,-0.00297265,-0.0131133,-0.999869,0.00903932
-6.49162,2.7199,0.251757,-0.000508548,-0.0124513,-0.999915,0.00372581
-6.75912,2.70007,0.263138,-0.00819628,-0.0124397,-0.999875,0.0052577
-7.04297,2.68738,0.266138,-0.018807,-0.0158099,-0.999663,0.008326
-7.29295,2.65939,0.269002,0.0103952,0.0104489,0.999891,0.000411114
-7.56962,2.65006,0.271671,0.00144873,0.00356622,0.99999,0.00227138
-7.82854,2.64136,0.260214,0.0110876,-0.0116393,-0.999853,0.00598925
-8.11546,2.62358,0.255225,0.00841302,-0.0124765,-0.999864,0.00673712
-8.39606,2.60519,0.259027,-0.000641154,-0.01169,-0.999929,0.00234535
-8.67351,2.58737,0.252967,-0.00118647,-0.0110732,-0.999919,0.00623033
-8.94377,2.57479,0.244692,-0.0132165,0.00936632,0.999868,0.00123129
-9.22656,2.55344,0.238738,-0.0155289,0.00572181,0.999863,0.000367993
-9.51619,2.53197,0.241345,-0.00762636,-0.0193198,-0.999716,0.0116684
-9.78809,2.52811,0.247404,-0.00465802,-0.0184359,-0.999811,0.00398075
-10.0581,2.50597,0.231443,0.0151561,-0.00937029,-0.999838,0.00265227
-10.3167,2.48796,0.231416,0.0052562,-0.00737986,-0.999941,0.00605284
-10.5894,2.47239,0.238749,-0.00937109,-0.0105891,-0.99988,0.00635875
-10.8675,2.45312,0.246703,-0.0120705,-0.010578,-0.999868,0.00257219
-11.1518,2.43785,0.2499,-0.0117309,-0.011916,-0.999848,0.00486157
-11.4044,2.42129,0.2587,-0.0133601,-0.015924,-0.999757,0.00740345
-11.6815,2.40837,0.264597,-0.0163761,-0.0150599,-0.999745,0.00377825
-11.9339,2.39184,0.265767,-0.0151186,-0.0128779,-0.999794,0.00410545
-12.2173,2.36952,0.274648,-0.0132657,-0.0149797,-0.999772,0.00748357
-12.4825,2.35842,0.279993,-0.0141297,-0.0182114,-0.999717,0.00594071
-12.7346,2.34323,0.284979,-0.00953562,-0.0154488,-0.999827,0.00398659
-13.0188,2.32222,0.28933,-0.00732837,-0.0142032,-0.999849,0.00683801
-13.2931,2.30685,0.289993,-0.00739097,-0.015761,-0.999828,0.00641287
-13.5443,2.2915,0.29146,-0.00955632,-0.0145741,-0.999844,0.00303189
-13.8134,2.27211,0.297687,-0.0106198,-0.0121865,-0.99986,0.0042485
-14.1095,2.25811,0.305444,-0.0135609,-0.0153456,-0.999732,0.0108349
-14.3872,2.22082,0.31026,-0.0104942,-0.0161707,-0.998335,0.0543668
-14.6654,2.16577,0.317997,-0.013324,-0.0119588,-0.99769,0.065527
-14.9452,2.11626,0.321357,-0.00878242,-0.0135899,-0.997298,0.0716547
-15.2363,2.06318,0.321418,-0.00710384,-0.0152741,-0.997136,0.0737348
-15.4945,2.00514,0.323712,-0.0038335,-0.0125549,-0.99738,0.0711403
-15.7881,1.95288,0.325345,-0.00354649,-0.0114944,-0.997145,0.0745456
-16.0523,1.89439,0.32699,-0.00406187,-0.0134927,-0.997185,0.0736386
-16.3313,1.8413,0.329043,-0.00594984,-0.0120612,-0.997319,0.0719282
-16.6051,1.78715,0.332869,-0.00670843,-0.0115486,-0.997127,0.0745583
-16.8898,1.73298,0.332151,-0.00539867,-0.0136893,-0.997058,0.0752292
-17.1353,1.68259,0.330498,-0.00518161,-0.012609,-0.997429,0.0703489
-17.4084,1.62728,0.335755,-0.00400812,-0.0123605,-0.997071,0.0753733
-17.6683,1.57582,0.334576,-0.00431356,-0.0140521,-0.996857,0.0778531
-17.9203,1.52997,0.335682,-0.00456363,-0.0128165,-0.997091,0.0749973
-18.2028,1.46219,0.339391,-0.00454164,-0.00917035,-0.997075,0.075735
-18.4702,1.41,0.339059,-0.0042913,-0.0125073,-0.996781,0.0790765
-18.7528,1.35214,0.343197,-0.00561744,-0.0119801,-0.997039,0.0757513
-19.0222,1.29071,0.342257,-0.00638336,-0.00964088,-0.997052,0.075853
-19.295,1.23689,0.349011,-0.00547187,-0.0125298,-0.996595,0.0813048
-19.5397,1.18498,0.351446,-0.00539987,-0.0131829,-0.996874,0.0777187
-19.8181,1.12515,0.348229,-0.00477121,-0.0107706,-0.996841,0.0785482
-20.106,1.06662,0.351377,-0.00505487,-0.0102707,-0.996769,0.0795047
-20.3903,1.00942,0.352038,-0.00452837,-0.013093,-0.996681,0.080224
-20.6615,0.948715,0.349432,-0.00350519,-0.0113986,-0.996854,0.0783614
-20.9393,0.890198,0.352468,-0.0028471,-0.0107757,-0.996864,0.0783427
-21.2168,0.858536,0.349404,0.00229912,0.0108778,0.999934,0.00297134
-21.4981,0.853344,0.348356,0.0018826,0.00956035,0.999684,0.0231657
-21.7752,0.854411,0.34994,0.00227524,0.00863948,0.999516,0.0298138
-22.0271,0.858483,0.348458,0.00358499,0.0107978,0.999568,0.0271152
-22.3093,0.858969,0.345319,0.00422858,0.0101626,0.999358,0.0340984
-22.5953,0.862831,0.347129,0.0026667,0.00756042,0.999453,0.0320943
-22.8844,0.864825,0.347636,0.00405428,0.0112982,0.999521,0.0285282
-23.171,0.871638,0.34778,0.00492111,0.0118735,0.99936,0.0333797
-23.4492,0.873817,0.348347,0.00420102,0.0100832,0.999397,0.0329676
-23.7048,0.878212,0.351132,0.00485978,0.0117008,0.99948,0.0296604
-23.9625,0.877042,0.350072,0.00415021,0.0154054,0.999463,0.0286114
-24.2296,0.885735,0.344877,0.00259802,0.0135798,0.999397,0.0318485
-24.5137,0.888079,0.351005,0.00432488,0.0141369,0.999473,0.0289159
-24.7934,0.892316,0.350491,0.0056572,0.0156352,0.999471,0.0279424
-25.0682,0.89484,0.352384,0.0047137,0.0139612,0.999329,0.0335311
-25.3598,0.897977,0.351955,0.00554238,0.0145357,0.999427,0.0300662
-25.6384,0.900875,0.355016,0.00481112,0.0171489,0.999492,0.0264227
-25.8922,0.903624,0.356075,0.00487952,0.016273,0.999511,0.0262555
-26.1768,0.882296,0.358896,-0.00570706,-0.0142497,-0.999527,0.0266549
-26.461,0.848082,0.35917,-0.0062508,-0.0173199,-0.999024,0.0401575
-26.7516,0.81195,0.364646,-0.00571169,-0.0180456,-0.99905,0.0392431
-27.0312,0.775162,0.361059,-0.00591972,-0.0154247,-0.999076,0.0396849
-27.3051,0.738828,0.368084,-0.00626738,-0.0188302,-0.998848,0.0436987
-27.5809,0.700293,0.366286,-0.00491691,-0.0194364,-0.998886,0.0427088
-27.8628,0.660351,0.371696,-0.00516777,-0.0173288,-0.99897,0.0416249
-28.1336,0.627322,0.36912,-0.00512179,-0.0190347,-0.998729,0.0463823
-28.3867,0.590956,0.371059,-0.00482471,-0.0203356,-0.998729,0.0458604
-28.6553,0.553361,0.373602,-0.00542034,-0.0185011,-0.998966,0.0411644
-28.9096,0.517622,0.376092,-0.00618592,-0.0164635,-0.998908,0.0432769
-29.1902,0.479451,0.381132,-0.00810365,-0.0216857,-0.998773,0.0437742
-29.4737,0.440983,0.386377,-0.0138928,-0.0193222,-0.998865,0.0412545
-29.7218,0.407573,0.386765,-0.0063413,-0.0135257,-0.999046,0.0410328
-30.005,0.363668,0.391634,-0.00788546,-0.0145376,-0.998949,0.042739
-30.2888,0.327866,0.393826,-0.010321,-0.0149438,-0.998995,0.0409895
-30.5421,0.293548,0.399992,-0.0106487,-0.0164333,-0.998927,0.04198
-30.8145,0.258908,0.400983,-0.0113151,-0.0210828,-0.998606,0.0470509
-31.1052,0.217037,0.413152,-0.00956957,-0.0245285,-0.998693,0.0438091
-31.394,0.178502,0.415498,-0.0126801,-0.0211576,-0.998774,0.0429294
-31.644,0.14185,0.422025,-0.0103284,-0.0213737,-0.998649,0.0462344
-31.9221,0.105213,0.42535,-0.0109935,-0.0218764,-0.998694,0.0448359
-32.2042,0.062802,0.434868,-0.0120728,-0.0203554,-0.998745,0.0441301
-32.4781,0.0229243,0.440813,-0.0113878,-0.0196258,-0.99866,0.0465089
-32.7605,-0.0149382,0.443455,-0.0114493,-0.0204543,-0.998676,0.0457891
-33.0307,-0.053582,0.447082,-0.00962027,-0.0177856,-0.998867,0.0430716
-33.3052,-0.0955173,0.4552,-0.0085273,-0.0157049,-0.99879,0.045808
-33.5615,-0.128761,0.450885,-0.00848524,-0.0169568,-0.998743,0.0463925
-33.8336,-0.174182,0.466408,-0.00840192,-0.016588,-0.998853,0.0441174
-34.0993,-0.207996,0.46104,-0.00783922,-0.0120414,-0.998908,0.0444544
-34.3974,-0.249771,0.46598,-0.00726209,-0.0158615,-0.99876,0.0466341
-34.6736,-0.286433,0.471865,-0.00749159,-0.0167429,-0.998834,0.0446515
-34.9228,-0.323908,0.470689,-0.0072071,-0.0142297,-0.998947,0.0430133
-35.1998,-0.360503,0.475124,-0.00901149,-0.0145753,-0.99879,0.0460894
-35.474,-0.397141,0.475637,-0.00773041,-0.0165724,-0.998828,0.044804
-35.7239,-0.43254,0.476209,-0.00824856,-0.0148144,-0.998956,0.0424179
-35.9767,-0.470387,0.48383,-0.00832773,-0.0142306,-0.998812,0.0458578
-36.2568,-0.509567,0.487663,-0.0063816,-0.0173492,-0.998817,0.0449819
-36.538,-0.549669,0.49221,-0.00709258,-0.0151741,-0.998968,0.0422171
-36.8101,-0.587833,0.493968,-0.00684462,-0.0136514,-0.998892,0.0445163
-37.0587,-0.620631,0.497154,-0.00601033,-0.0164171,-0.998783,0.0461127
-37.3395,-0.662417,0.500213,-0.00537132,-0.0160328,-0.998959,0.0423579
-37.6274,-0.701134,0.499882,-0.00515175,-0.0132572,-0.998956,0.0434081
-37.9069,-0.741009,0.501578,-0.00446874,-0.0153582,-0.998751,0.0473328
-38.1887,-0.777702,0.500902,-0.00410845,-0.0153334,-0.998945,0.0431011
-38.4754,-0.818175,0.500438,-0.00467788,-0.0125468,-0.99902,0.0421764
-38.754,-0.856845,0.498119,-0.00373337,-0.0159209,-0.998622,0.0498596
-39.0217,-0.89544,0.50609,-0.00337787,-0.0169171,-0.998789,0.0460637
-39.291,-0.937357,0.504377,-0.00188682,-0.0135747,-0.998917,0.0444548
-39.5641,-0.976517,0.507863,-0.00273907,-0.0149393,-0.998735,0.0479392
-39.8441,-1.01402,0.507335,-0.00352318,-0.0175219,-0.998747,0.046738
-40.132,-1.05583,0.506378,-0.00447053,-0.0137435,-0.998908,0.0444286
-40.4132,-1.09883,0.510111,-0.00348881,-0.0137915,-0.998743,0.0480577
-40.6624,-1.13196,0.505382,-0.00347496,-0.0143792,-0.998784,0.0470355
-40.9328,-1.17374,0.513284,-0.00358889,-0.013739,-0.998963,0.043263
-41.1812,-1.20973,0.514245,-0.0039116,-0.0120207,-0.998886,0.045461
-41.4636,-1.2467,0.509029,-0.00304662,-0.0136484,-0.998793,0.0470858
-41.7214,-1.28887,0.514571,-0.00251712,-0.0138711,-0.998918,0.0443226
-41.9764,-1.32577,0.509282,-0.00247646,-0.0119191,-0.998946,0.0442497
-42.2389,-1.35546,0.507052,-0.00346446,-0.0124459,-0.998765,0.0479833
-42.4951,-1.39439,0.508228,-0.00396519,-0.01492,-0.998712,0.0483301
-42.7806,-1.43826,0.508378,-0.00306389,-0.0127303,-0.998878,0.045521
-43.067,-1.47406,0.50782,-0.00355999,-0.0110459,-0.998771,0.0481779
-43.3427,-1.51474,0.509393,-0.00416073,-0.0135792,-0.998862,0.0455287
-43.5902,-1.55182,0.510843,-0.00232753,-0.0117259,-0.998936,0.044538
-43.8694,-1.59216,0.509624,-0.00308156,-0.0113373,-0.998857,0.0463215
-44.1491,-1.62921,0.506074,-0.00267886,-0.0142152,-0.998712,0.0486301
-44.4329,-1.67179,0.511186,-0.00265827,-0.0134577,-0.998915,0.0445043
-44.7142,-1.71429,0.506222,-0.0023291,-0.011829,-0.998841,0.0466036
-44.9929,-1.75176,0.50824,-0.00311145,-0.0150203,-0.998669,0.0492411
-45.278,-1.79883,0.50592,-0.00292112,-0.0155804,-0.998894,0.0442769
-45.547,-1.83413,0.504441,-0.00275696,-0.0120804,-0.998931,0.0445301
-45.8226,-1.87096,0.506838,-0.00381555,-0.0143915,-0.998841,0.0457637
-46.1107,-1.91107,0.509914,-0.00394994,-0.0150612,-0.998942,0.0432708
-46.3763,-1.94623,0.504364,-0.00439807,-0.0112576,-0.998983,0.0434471
-46.6583,-1.98866,0.510944,-0.0042011,-0.0135475,-0.998762,0.0476696
-46.9376,-2.02444,0.508873,-0.00513863,-0.0145198,-0.998853,0.0453285
-47.2084,-2.06795,0.510683,-0.00220149,-0.0118072,-0.998988,0.0433493
-47.4928,-2.10347,0.510465,-0.00251517,-0.0127279,-0.998772,0.0478075
-47.7752,-2.14459,0.510335,-0.00201682,-0.0144117,-0.998794,0.0468947
-48.0708,-2.18287,0.510357,-0.00310655,-0.011628,-0.999827,0.0141677
-48.3426,-2.19349,0.510256,0.00334709,0.0121385,0.999901,0.00629029
-48.5969,-2.19956,0.511587,0.00352773,0.0144773,0.999814,0.0122277
-48.848,-2.20269,0.511258,0.00340046,0.0135652,0.999771,0.0162201
-49.1171,-2.20992,0.507878,0.00190926,0.0113736,0.99978,0.0175455
-49.3979,-2.21785,0.510023,0.00273061,0.0149948,0.999771,0.0150301
-49.6481,-2.21942,0.508647,0.0024745,0.0155978,0.999757,0.0153928
-49.9265,-2.22123,0.507553,0.00227769,0.0117091,0.999748,0.0190393
-50.2026,-2.22722,0.506604,0.00241033,0.0142511,0.999789,0.0145727
-50.4892,-2.23671,0.505049,0.00258137,0.0145781,0.99977,0.0155054
-50.7811,-2.23905,0.502209,0.00224326,0.0127067,0.999754,0.018024
-51.0669,-2.24704,0.502183,0.00221279,0.0134052,0.999813,0.0137903
-51.3579,-2.24854,0.5031,0.00246082,0.0155959,0.999798,0.0124092
-51.649,-2.2585,0.502927,0.00274847,0.0122963,0.999723,0.0198683
-51.929,-2.26178,0.499227,0.00228955,0.0129565,0.999809,0.0144728
-52.2069,-2.26735,0.500287,0.00110547,0.0141619,0.999809,0.0134605
-52.4955,-2.27538,0.496854,0.000824591,0.0129608,0.999767,0.0172695
-52.782,-2.27629,0.494519,0.00194203,0.0122329,0.999796,0.0159673
-53.0615,-2.28263,0.493513,0.00139172,0.0150475,0.999798,0.0132154
-53.3387,-2.28809,0.488864,0.000708701,0.0137747,0.999753,0.0174487
-53.6222,-2.29299,0.489826,0.00242901,0.0128886,0.99976,0.0175427
-53.9119,-2.29973,0.486446,0.00194997,0.0153567,0.999801,0.0125834
-54.1941,-2.2998,0.487896,0.00162315,0.0148634,0.999723,0.0181729
-54.4471,-2.30674,0.483701,0.00170005,0.0124677,0.999766,0.0176189
-54.7237,-2.31193,0.486369,0.00117204,0.01585,0.999803,0.0119159
-55.0122,-2.31629,0.483955,0.00285152,0.0164992,0.99972,0.0167384
-55.2947,-2.32278,0.483008,0.00173834,0.0122922,0.999747,0.0187492
-55.5716,-2.32756,0.480393,0.000849846,0.0138237,0.999792,0.0149846
-55.859,-2.331,0.477216,0.00199027,0.0147915,0.99978,0.0147538
-56.1327,-2.33776,0.478647,0.00109661,0.0122152,0.999722,0.0201639
-56.4157,-2.34407,0.470815,0.00131543,0.0130857,0.999823,0.0134293
-56.7079,-2.35084,0.473031,0.00110249,0.0124277,0.999799,0.0157056
-56.9974,-2.35574,0.470508,0.000877252,0.00689356,0.99975,0.0212475
-57.282,-2.35916,0.464744,-0.00144162,0.0111786,0.999831,0.0145348
-57.5382,-2.36551,0.461253,-0.00277016,0.0131839,0.999823,0.0131621
-57.8182,-2.37338,0.462356,-0.00183887,0.0152075,0.999777,0.0145036
-58.1055,-2.38443,0.453659,-0.000467689,0.0111059,0.999744,0.0196971
-58.3754,-2.38696,0.450127,-0.00359997,0.0122552,0.99983,0.0132732
-58.6554,-2.3948,0.440589,-0.00605773,0.0113859,0.999743,0.0186454
-58.9076,-2.39688,0.442546,-0.00502685,0.00834606,0.999746,0.0203058
-59.1653,-2.40245,0.43566,-0.00714814,0.0121446,0.999741,0.0178646
-59.4157,-2.40334,0.433638,-0.00765456,0.0134111,0.999743,0.0165732
-59.6898,-2.41102,0.42308,-0.00212681,0.0140519,0.999737,0.0179943
-59.9471,-2.41908,0.417848,-0.0059436,0.0116383,0.999755,0.0178674
-60.2382,-2.42297,0.410008,-0.00770445,0.0141703,0.999706,0.0180971
-60.5231,-2.42207,0.404856,-0.00773601,0.0128122,0.999682,0.0203105
-60.7736,-2.42922,0.399261,-0.00894361,0.0125154,0.999688,0.0196938
-61.0586,-2.43077,0.381453,-0.0123131,0.0137389,0.999638,0.0195969
-61.3219,-2.42699,0.378358,-0.0130196,0.0140125,0.999367,0.0299846
-61.5874,-2.41226,0.371039,-0.0100168,0.0130105,0.998449,0.0532041
-61.8495,-2.39335,0.364317,-0.00888871,0.016119,0.998489,0.0517845
-62.1084,-2.39124,0.351817,-0.0166905,0.00957554,0.997721,0.0646755
-62.3563,-2.35606,0.346303,-0.0124922,0.0232415,0.998289,0.0521711
-62.6171,-2.36862,0.356038,-0.0134481,-0.019989,-0.999623,0.0131646
-62.8918,-2.39528,0.360852,-0.00889371,-0.021141,-0.998839,0.0423686
-63.1512,-2.44648,0.368285,-0.0131851,-0.0151637,-0.999104,0.037251
-63.4098,-2.44519,0.38193,0.0215186,0.0135971,0.999443,0.0215622
-63.6726,-2.39425,0.38273,0.0185468,0.0184965,0.986111,0.164008
-63.9481,-2.30169,0.393424,0.0193281,0.0208325,0.976657,0.212915
-64.2018,-2.17177,0.394878,0.0177559,0.0196408,0.962527,0.26989
-64.4487,-2.02297,0.403423,0.0184323,0.0195085,0.946327,0.322093
-64.6622,-1.85423,0.404822,0.0147213,0.0183986,0.926189,0.376324
-64.8377,-1.63706,0.395531,0.0113463,0.01695,0.893403,0.448793
-64.9953,-1.42006,0.404326,0.0113066,0.019757,0.851168,0.524399
-65.127,-1.19017,0.392413,0.00848458,0.019325,0.840082,0.542049
-65.2172,-0.94836,0.38899,0.00762459,0.0201005,0.811489,0.583972
-65.3049,-0.706704,0.395998,0.0087295,0.0207144,0.800682,0.598667
-65.3735,-0.440501,0.373791,0.00618454,0.0200548,0.771708,0.635631
-65.4314,-0.190223,0.371209,0.00630243,0.0203868,0.765266,0.64336
-65.4905,0.0843979,0.36277,0.00815954,0.020103,0.761256,0.648089
-65.5303,0.3318,0.366444,0.00758085,0.0209119,0.750398,0.660612
-65.5728,0.594447,0.346358,0.00436952,0.0211631,0.7448,0.666937
-65.6124,0.870197,0.34745,0.00553282,0.0227768,0.729983,0.683063
-65.6531,1.11756,0.337251,0.00849484,0.0211097,0.742438,0.669528
-65.6809,1.39231,0.329797,0.00640747,0.0189677,0.74449,0.667334
-65.7337,1.64038,0.325515,0.00863035,0.0213242,0.747464,0.663904
-65.771,1.90812,0.318881,0.00861541,0.020886,0.747129,0.664296
-65.8199,2.18406,0.309025,0.00785655,0.0188228,0.746883,0.664643
-65.8649,2.47527,0.306753,0.00795736,0.0211067,0.750921,0.660006
-65.9136,2.74709,0.296368,0.007922,0.0213409,0.748091,0.663206
-65.9545,3.00254,0.291921,0.0084412,0.0187481,0.747594,0.663838
-66.0042,3.29088,0.283234,0.00768394,0.0200258,0.75125,0.659668
-66.0487,3.53808,0.281954,0.00896646,0.0208476,0.74969,0.6614
-66.0938,3.79478,0.273455,0.00936576,0.0186735,0.749447,0.661734
-66.1427,4.05003,0.268851,0.00704505,0.0179468,0.750399,0.660704
-66.1874,4.32075,0.254513,0.00840213,0.0189871,0.751263,0.659677
-66.2315,4.58865,0.253419,0.00911308,0.0192138,0.750335,0.660715
-66.2858,4.87704,0.247573,0.0078885,0.0186597,0.751346,0.659597
-66.3315,5.13044,0.243321,0.0077752,0.0176842,0.751384,0.659582
-66.3781,5.38383,0.236611,0.00917806,0.0168534,0.750142,0.660998
-66.4261,5.6446,0.23491,0.0070546,0.01739,0.749935,0.661245
-66.4775,5.91983,0.22045,0.00688516,0.0175364,0.751415,0.659561
-66.521,6.17446,0.220582,0.00744497,0.0180114,0.751298,0.659675
-66.5664,6.44304,0.21572,0.0081595,0.0169412,0.751181,0.659829
-66.6187,6.75554,0.214122,0.00606218,0.0157092,0.751048,0.660033
-66.6442,7.00461,0.20613,0.00609782,0.0160401,0.714541,0.699383
-66.6533,7.28838,0.199063,0.00699895,0.0141364,0.706669,0.707369
-66.6775,7.54172,0.204584,0.00562996,0.0140537,0.725746,0.687797
-66.7091,7.83674,0.19983,0.00725178,0.0136771,0.730084,0.683182
-66.7353,8.09574,0.195991,0.00728166,0.0113691,0.73108,0.682159
-66.7664,8.35487,0.193025,0.00303801,0.0109298,0.731584,0.681657
-66.7986,8.64814,0.192743,0.00243611,0.0135146,0.732953,0.680141
-66.8244,8.90409,0.184565,0.00251462,0.0126723,0.731761,0.681439
-66.8689,9.19839,0.180752,0.00157903,0.0109572,0.731662,0.681578
-66.8861,9.48543,0.175851,0.00115188,0.0127601,0.732907,0.680208
-66.9291,9.75849,0.171735,0.00213067,0.0117944,0.731478,0.68176
-66.9561,10.0214,0.162736,0.00089839,0.0096208,0.730785,0.68254
-66.9846,10.2923,0.164414,-0.000122707,0.00910698,0.732528,0.680676
-67.0161,10.5699,0.154385,0.000588228,0.0102237,0.731663,0.681589
-67.0494,10.845,0.152612,-0.00126416,0.0099436,0.730733,0.68259
-67.0798,11.1005,0.149195,-0.00303214,0.0106927,0.732989,0.68015
-67.1118,11.3773,0.142012,-0.00031363,0.0102312,0.732338,0.680864
-67.1502,11.6652,0.136888,0.00122914,0.00793345,0.731191,0.682126
-67.1834,11.9361,0.135308,-0.000238379,0.00921063,0.732078,0.681158
-67.2289,12.2307,0.129107,0.000152123,0.0104706,0.731883,0.68135
-67.2543,12.5069,0.130523,-2.09847e-05,0.0105297,0.731521,0.681737
-67.2814,12.7673,0.11575,-0.00164272,0.0105423,0.732202,0.681004
-67.3088,13.0225,0.108551,-0.00291327,0.0121049,0.732352,0.680813
-67.3444,13.2768,0.10024,-0.00464803,0.0129562,0.731852,0.681325
-67.3778,13.5496,0.0927635,-0.00715145,0.0129599,0.731149,0.682058
-67.4051,13.8413,0.0771896,-0.0110961,0.0178487,0.732052,0.680925
-67.4452,14.1334,0.063531,-0.0129498,0.020082,0.730381,0.682622
-67.4785,14.3914,0.0492762,-0.0155849,0.0218842,0.730046,0.68287
-67.5127,14.6427,0.0311866,-0.0184632,0.022486,0.730684,0.682096
-67.5424,14.9225,0.00963397,-0.0192765,0.0238521,0.726195,0.686804
-67.5461,15.2081,-0.00777227,-0.0208549,0.0218039,0.684544,0.728346
-67.5346,15.4973,-0.0322532,-0.024523,0.0204697,0.67115,0.740633
-67.5186,15.7677,-0.0534035,-0.0269738,0.022476,0.667663,0.743635
-67.4996,16.0508,-0.0720679,-0.0263826,0.0217286,0.665786,0.74536
-67.4861,16.3009,-0.0923955,-0.0283219,0.0203153,0.662093,0.748611
-67.4489,16.5683,-0.117418,-0.0289927,0.0208647,0.620651,0.783273
-67.3868,16.8287,-0.135187,-0.0282802,0.0182619,0.603675,0.79652
-67.3073,17.1042,-0.155594,-0.0331402,0.015138,0.554938,0.831093
-67.1737,17.3438,-0.177427,-0.0347829,0.00974766,0.48624,0.873078
-67.0383,17.5886,-0.197614,-0.0333251,0.00948732,0.466397,0.883897
-66.8829,17.8072,-0.210928,-0.0368435,0.00973962,0.457703,0.888288
-66.7459,18.0196,-0.227758,-0.0385929,0.00972911,0.457546,0.888295
-66.5761,18.262,-0.240339,-0.0352076,0.010116,0.456379,0.889031
-66.43,18.4919,-0.259556,-0.0403243,0.00667784,0.450282,0.89195
-66.2725,18.7358,-0.282293,-0.0404575,0.00499879,0.452254,0.890957
-66.1346,18.9597,-0.300075,-0.0405646,-0.000776731,0.443112,0.895548
-65.9571,19.1399,-0.308168,-0.0438239,-0.0117917,0.364775,0.929989
-65.7658,19.3378,-0.316752,-0.0470478,-0.0183554,0.338058,0.939769
-65.5661,19.5224,-0.308272,-0.0472986,-0.027133,0.33558,0.940432
-65.3643,19.7084,-0.307906,-0.0481049,-0.0309583,0.330157,0.942191
-65.1425,19.89,-0.304571,-0.0492319,-0.0368429,0.270312,0.960807
-64.905,20.0484,-0.289346,-0.0497359,-0.0411073,0.250173,0.966049
-64.6727,20.2012,-0.285162,-0.0490878,-0.038014,0.2409,0.968562
-64.4396,20.3384,-0.273358,-0.0501976,-0.0378923,0.235762,0.969774
-64.1828,20.4778,-0.268096,-0.0491552,-0.0371237,0.235197,0.969994
-63.9348,20.602,-0.265561,-0.044775,-0.0366636,0.206937,0.976641
-63.6782,20.6989,-0.245718,-0.0416989,-0.040324,0.118176,0.991297
-63.424,20.7742,-0.229812,-0.0390579,-0.0402028,0.100494,0.993358
-63.139,20.8443,-0.211583,-0.0381849,-0.0386446,0.0937129,0.994116
-62.8645,20.9101,-0.199778,-0.037137,-0.037136,0.0880687,0.994729
-62.5901,20.9808,-0.177925,-0.0348651,-0.0379521,0.0879036,0.994795
-62.3424,21.0317,-0.169366,-0.033271,-0.0368517,0.0874331,0.994932
-62.0793,21.0957,-0.148841,-0.0314829,-0.034161,0.0840348,0.995379
-61.8035,21.1547,-0.142119,-0.030339,-0.033564,0.0838446,0.995451
-61.5293,21.2161,-0.126724,-0.0268918,-0.0338583,0.0846155,0.995475
-61.2501,21.2757,-0.120401,-0.0216337,-0.0319214,0.0827202,0.995826
-60.9812,21.3419,-0.105042,-0.0224279,-0.0305999,0.0813572,0.995963
-60.7209,21.4005,-0.0892952,-0.0190041,-0.029097,0.0824269,0.995991
-60.4726,21.4529,-0.0807205,-0.0161532,-0.0259189,0.0820962,0.996156
-60.2273,21.5091,-0.0828057,-0.0156809,-0.0233535,0.0800404,0.996395
-59.9428,21.5675,-0.0721859,-0.0144636,-0.0218163,0.0817211,0.996311
-59.66,21.628,-0.0683728,-0.0111077,-0.0214646,0.0824885,0.996299
-59.3824,21.6909,-0.0563745,-0.0111243,-0.0182029,0.0795323,0.996604
-59.1095,21.7529,-0.0576583,-0.00970598,-0.0172242,0.0805352,0.996556
-58.8184,21.8063,-0.0477879,-0.00692962,-0.0155969,0.0822063,0.996469
-58.552,21.8697,-0.0477414,-0.00615352,-0.0144323,0.0791465,0.99674
-58.2684,21.9252,-0.0419131,-0.00681908,-0.0135702,0.0804675,0.996642
-57.993,21.9893,-0.039331,-0.00482234,-0.0111603,0.0821375,0.996547
-57.7252,22.0453,-0.041494,-0.0038632,-0.00888054,0.0798829,0.996757
-57.4388,22.1087,-0.0377788,-0.00517019,-0.00811213,0.0803841,0.996718
-57.1593,22.1689,-0.0361528,-0.00586137,-0.0077336,0.0818775,0.996595
-56.8725,22.2303,-0.0377175,-0.00340005,-0.00425862,0.0801986,0.996764
-56.5908,22.2893,-0.0339566,-0.00680096,-0.0069674,0.0808175,0.996681
-56.3251,22.3477,-0.0391425,-0.00495964,-0.00851387,0.0816136,0.996615
-56.064,22.4011,-0.0387819,-0.00332589,-0.00717972,0.081535,0.996639
-55.8115,22.4536,-0.0356928,-0.00576684,-0.00701676,0.0798622,0.996765
-55.5588,22.5092,-0.0352252,-0.00452308,-0.00797007,0.0827305,0.99653
-55.298,22.5681,-0.0367992,-0.0043473,-0.00795855,0.0816527,0.99662
-55.0197,22.63,-0.0400644,-0.0042427,-0.00634727,0.0780018,0.996924
-54.7454,22.6833,-0.0388269,-0.00576069,-0.00649411,0.0799459,0.996761
-54.4913,22.7394,-0.038403,-0.00393854,-0.00566811,0.0815555,0.996645
-54.216,22.7968,-0.0331938,-0.00539583,-0.004526,0.07866,0.996877
-53.9551,22.8554,-0.0327939,-0.0068539,-0.00554371,0.0788772,0.996845
-53.7078,22.9036,-0.0328216,-0.00580251,-0.00441685,0.0800579,0.996764
-53.4376,22.961,-0.0370225,-0.00520646,-0.00336141,0.0788506,0.996867
-53.1649,23.0134,-0.0420305,-0.00669113,-0.00384009,0.0616219,0.99807
-52.8886,23.0629,-0.0379992,-0.00603403,-0.0036089,0.0569186,0.998354
-52.6012,23.1009,-0.0461473,-0.00474152,-0.00343813,0.0552775,0.998454
-52.3192,23.1504,-0.0397402,-0.00630533,-0.00165721,0.0526772,0.99859
-52.0331,23.195,-0.0474069,-0.00608749,-0.00406726,0.0540516,0.998511
-51.7596,23.2398,-0.0427895,-0.00484154,-0.00268594,0.0541896,0.998515
-51.4891,23.2804,-0.0500448,-0.00530358,-0.00272593,0.0518468,0.998637
-51.2073,23.3221,-0.0452881,-0.00453657,-0.00334103,0.0538834,0.998531
-50.9272,23.3686,-0.0509074,-0.00281104,-0.00399641,0.0549464,0.998477
-50.6519,23.409,-0.0489898,-0.00323046,-0.00247213,0.0517902,0.99865
-50.384,23.4524,-0.0475779,-0.00422462,-0.00378352,0.0532768,0.998564
-50.0941,23.494,-0.0538129,-0.00106326,-0.00557454,0.0545231,0.998496
-49.8171,23.5346,-0.0508848,-0.000913137,-0.00193642,0.0526057,0.998613
-49.5656,23.5788,-0.0593251,-0.00199519,-0.00342963,0.0527351,0.998601
-49.2817,23.625,-0.0524334,-0.000634004,-0.00246666,0.054511,0.99851
-49.0049,23.6686,-0.0623248,0.000442914,-0.00302826,0.0519473,0.998645
-48.7202,23.7137,-0.0575122,-0.00175211,-0.00251571,0.0526306,0.998609
-48.452,23.7556,-0.0630237,-0.00102029,-0.00372767,0.0543028,0.998517
-48.1723,23.7953,-0.0607953,0.000640849,-0.00261496,0.0534493,0.998567
-47.9016,23.8434,-0.0662408,-0.000585245,-0.00268054,0.0531558,0.998582
-47.6135,23.8837,-0.0677628,5.54333e-05,-0.00327699,0.0549679,0.998483
-47.3448,23.9275,-0.0695589,0.00134263,-0.00344806,0.055616,0.998445
-47.0472,23.9757,-0.0740839,7.5691e-05,-0.00278078,0.05346,0.998566
-46.7608,24.0192,-0.069089,-0.000100435,-0.00385178,0.0557714,0.998436
-46.4954,24.062,-0.0770278,0.00139651,-0.00263917,0.0562919,0.99841
-46.2024,24.1083,-0.0766585,-0.000300266,-0.00207353,0.0537533,0.998552
-45.9549,24.1507,-0.0812606,-0.000947282,-0.00212803,0.0548302,0.998493
-45.6828,24.1901,-0.0769937,-0.000216997,-0.00175572,0.056447,0.998404
-45.4146,24.2372,-0.0841275,0.00042543,-0.000855724,0.0552105,0.998474
-45.128,24.28,-0.0860322,-0.00107315,-0.00194408,0.0556277,0.998449
-44.847,24.3284,-0.0847653,-0.00026107,-0.00356899,0.0573184,0.99835
-44.5646,24.3701,-0.0876152,0.00107034,-0.00281407,0.0556995,0.998443
-44.2825,24.4194,-0.0911427,-0.00160153,-0.00211461,0.0551103,0.998477
-44.0034,24.4625,-0.0884015,-0.00079616,-0.00278853,0.0568567,0.998378
-43.716,24.5113,-0.0952323,0.00103439,-0.00228969,0.0556625,0.998446
-43.4278,24.5564,-0.0913496,-0.00138306,-0.00219263,0.0557087,0.998444
-43.1601,24.6018,-0.0957114,-0.000601027,-0.00246085,0.0573133,0.998353
-42.9044,24.6428,-0.100257,-1.15524e-05,-0.00187107,0.0572786,0.998356
-42.6292,24.6846,-0.0978293,-0.00158194,-0.00141945,0.0558097,0.998439
-42.3497,24.7354,-0.102455,0.000366755,-0.00354736,0.0582939,0.998293
-42.0717,24.7781,-0.103745,0.000626675,-0.00284312,0.058666,0.998273
-41.7916,24.8275,-0.107719,-0.000296339,-0.00116354,0.0566811,0.998392
-41.521,24.8703,-0.104423,-0.0010142,-0.00116796,0.0587634,0.998271
-41.2713,24.9163,-0.107819,0.000598136,-0.00203551,0.0606776,0.998155
-40.9885,24.9602,-0.112848,-0.000766485,-0.000871531,0.0580875,0.998311
-40.7418,25.0065,-0.114387,-0.00178312,-0.00171781,0.059355,0.998234
-40.4765,25.051,-0.113631,-0.00098433,-0.00301155,0.0613035,0.998114
-40.223,25.0933,-0.114221,-0.000795183,-0.00129269,0.0598303,0.998207
-39.9442,25.1437,-0.121931,-0.00400844,-0.000325223,0.059241,0.998236
-39.6706,25.1919,-0.123414,-0.00374355,-0.000839827,0.0606551,0.998151
-39.3886,25.2404,-0.131953,-0.00317203,1.18022e-05,0.0608168,0.998144
-39.1144,25.2884,-0.130942,-0.00545461,0.000649026,0.0592388,0.998229
-38.8414,25.3396,-0.138236,-0.00554881,0.000305558,0.0606394,0.998144
-38.5653,25.3865,-0.142854,-0.005955,0.00075999,0.0618139,0.99807
-38.2832,25.4371,-0.148178,-0.00772503,0.001498,0.0584957,0.998257
-38.0019,25.4843,-0.152109,-0.00945764,0.00101484,0.0614995,0.998062
-37.72,25.5352,-0.155544,-0.00682365,0.000532929,0.0616814,0.998072
-37.4376,25.5831,-0.161084,-0.00932731,0.00117092,0.0582295,0.998259
-37.174,25.6305,-0.164342,-0.00959636,0.000124726,0.0595857,0.998177
-36.9219,25.6752,-0.166044,-0.00939794,-0.000880811,0.0598242,0.998164
-36.6456,25.723,-0.170037,-0.00915883,0.000322665,0.0568211,0.998342
-36.3704,25.7712,-0.175525,-0.0119106,-0.000721667,0.0568481,0.998312
-36.0912,25.8177,-0.174217,-0.0115697,-0.00133979,0.0579144,0.998254
-35.8223,25.8668,-0.182498,-0.0103477,-0.00108346,0.0554218,0.998409
-35.5746,25.907,-0.182002,-0.0129786,-0.0020206,0.0552487,0.998386
-35.3013,25.9461,-0.184445,-0.0124782,-0.00333644,0.0164346,0.999782
-35.0194,25.9571,-0.183545,-0.0130119,-0.00220291,-0.00728344,0.999886
-34.737,25.9639,-0.188626,-0.0126157,-0.00216363,-0.0148859,0.999807
-34.4568,25.9699,-0.185989,-0.012284,-0.0031178,-0.0153369,0.999802
-34.1776,25.9739,-0.194787,-0.0114216,-0.00258824,-0.0159835,0.999804
-33.8903,25.9813,-0.189765,-0.0116406,-0.00150427,-0.0178963,0.999771
-33.6086,25.9818,-0.198605,-0.0107493,-0.00175651,-0.0162453,0.999809
-33.3262,25.989,-0.195212,-0.00916174,-0.00231731,-0.0155178,0.999835
-33.0459,25.9889,-0.200771,-0.00865975,-0.00280647,-0.017435,0.999807
-32.7784,25.9987,-0.195978,-0.00638234,-0.00302286,-0.0160606,0.999846
-32.4775,25.9984,-0.202409,-0.00778287,-0.00397145,-0.0159004,0.999835
-32.1917,26.0067,-0.205926,-0.00608576,0.000103522,-0.0169033,0.999839
-31.9011,26.0097,-0.207534,-0.00650092,-0.00218965,-0.0165897,0.999839
-31.6187,26.0194,-0.210291,-0.00671007,-0.00228417,-0.0164732,0.999839
-31.3335,26.0218,-0.210316,-0.00717164,-0.000931836,-0.0196075,0.999782
-31.0604,26.0275,-0.211476,-0.00848053,-0.00296145,-0.0176574,0.999804
-30.7798,26.0307,-0.214318,-0.00723668,-0.00351603,-0.0170363,0.999823
-30.5226,26.0346,-0.214947,-0.00502886,-0.00218673,-0.0183281,0.999817
-30.2357,26.0384,-0.216509,-0.00825073,-0.00194084,-0.0196248,0.999771
-29.972,26.0403,-0.221035,-0.00641312,-0.00189552,-0.0173422,0.999827
-29.6878,26.0437,-0.214573,-0.0076038,-0.00228973,-0.0182417,0.999802
-29.4111,26.0505,-0.222064,-0.00554246,-0.00460369,-0.0194767,0.999784
-29.1346,26.0498,-0.217696,-0.00658652,-0.0055555,-0.0175113,0.99981
-28.849,26.0586,-0.230806,-0.00538693,-0.00488712,-0.0185674,0.999801
-28.5609,26.0591,-0.221565,-0.00786226,-0.00281885,-0.020358,0.999758
-28.2797,26.0617,-0.22642,-0.00653077,-0.00334626,-0.00812625,0.99994
-27.9984,26.0864,-0.227234,-0.00432875,-0.00418098,0.0112606,0.999918
-27.7239,26.1029,-0.231019,-0.00693557,-0.00337239,0.012979,0.999886
-27.4379,26.1368,-0.230401,-0.00521665,-0.0047472,0.0400289,0.999174
-27.1606,26.1689,-0.23,-0.00504746,-0.00515545,0.0492092,0.998762
-26.912,26.2036,-0.230293,-0.00480795,-0.00287828,0.0503005,0.998718
-26.6406,26.249,-0.241264,-0.00706369,-0.00235862,0.0515321,0.998644
-26.3567,26.2954,-0.235819,-0.00690177,-0.00356328,0.0518493,0.998625
-26.0796,26.3379,-0.238973,-0.00600202,-0.00243246,0.0521011,0.998621
-25.7963,26.3767,-0.240224,-0.00785312,-0.00182504,0.0513988,0.998646
-25.5225,26.4223,-0.236605,-0.00961916,-0.00401154,0.0516885,0.998609
-25.2418,26.4608,-0.240112,-0.00646989,-0.00281862,0.0531343,0.998562
-24.9681,26.5103,-0.24174,-0.00791347,-0.00224995,0.050455,0.998692
-24.6874,26.5452,-0.243102,-0.00774158,-0.0036522,0.0518304,0.998619
-24.4017,26.5926,-0.237472,-0.00632476,-0.00189929,0.0516198,0.998645
-24.1137,26.6336,-0.247855,-0.00733677,0.000606977,0.0474335,0.998847
-23.8338,26.6762,-0.247579,-0.00584606,-0.000330297,0.0507986,0.998692
-23.551,26.7068,-0.246546,-0.0073823,-0.000403135,0.013191,0.999886
-23.2787,26.6899,-0.248214,-0.00975295,-0.00129904,-0.0766088,0.997013
-23.0113,26.6722,-0.253104,-0.00766007,-0.00351982,-0.0540091,0.998505
-22.7321,26.6574,-0.251373,-0.00890203,-0.00458006,-0.0459368,0.998894
-22.4526,26.6421,-0.247071,-0.00851204,-0.0023359,-0.0434412,0.999017
-22.1662,26.6345,-0.248982,-0.0101216,-0.00507889,-0.0443722,0.998951
-21.8821,26.621,-0.245774,-0.00917023,-0.00398488,-0.0441274,0.998976
-21.5976,26.613,-0.254795,-0.00848753,-0.00243661,-0.0449164,0.998952
-21.3206,26.6004,-0.252021,-0.0115998,-0.00238893,-0.044717,0.998929
-21.0288,26.5907,-0.254898,-0.011979,-0.00398477,-0.0442839,0.998939
-20.7494,26.5768,-0.251692,-0.0100879,-0.0055171,-0.0449348,0.998924
-20.465,26.5644,-0.252831,-0.0112959,-0.00285537,-0.0445055,0.998941
-20.1893,26.5518,-0.255293,-0.0100339,-0.00223605,-0.0438024,0.998987
-19.9027,26.5417,-0.253276,-0.010379,-0.00158341,-0.0213114,0.999718
-19.6363,26.5599,-0.258356,-0.012533,-0.00232059,-0.000951237,0.999918
-19.3537,26.5683,-0.254609,-0.00935178,-0.00507236,0.00599637,0.999925
-19.0752,26.5848,-0.249575,-0.00679723,-0.00494817,0.00884105,0.999926
-18.7912,26.6032,-0.256165,-0.0103111,-0.00428827,0.00710619,0.999912
-18.5136,26.6228,-0.252559,-0.0108498,-0.00248189,0.00832158,0.999903
-18.2265,26.6436,-0.25769,-0.0105216,0.00011246,0.00875803,0.999906
-17.9467,26.6624,-0.259063,-0.00787579,-0.00170486,0.00656658,0.999946
-17.6698,26.6793,-0.258662,-0.0100353,-0.00401212,0.00729415,0.999915
-17.3852,26.6939,-0.253021,-0.0104857,-0.00465116,0.00920164,0.999892
-17.1088,26.7113,-0.258492,-0.0110956,-0.00243615,0.00293419,0.999931
-16.8236,26.7241,-0.252815,-0.0110244,-0.00373383,-0.00267955,0.999929
-16.5476,26.7322,-0.253603,-0.00836301,-0.005064,-0.00480598,0.999941
-16.2596,26.7424,-0.262629,-0.00870403,0.00360127,-0.00634606,0.999936
-15.975,26.7564,-0.264476,-0.00815199,0.00287447,-0.00563533,0.999947
-15.6938,26.7658,-0.267632,-0.00900806,0.0020183,-0.00465346,0.999947
-15.405,26.7749,-0.275469,-0.00721802,0.00337783,-0.00577255,0.999952
-15.1282,26.7876,-0.279747,-0.00850453,0.00286348,-0.00562282,0.999944
-14.8512,26.7983,-0.282288,-0.00797784,-0.00105704,-0.00603991,0.999949
-14.5947,26.8056,-0.28773,-0.00648323,-0.00161107,-0.00478295,0.999966
-14.3324,26.8104,-0.274042,-0.00937748,-0.00513715,-0.0222551,0.999695
-14.0569,26.8125,-0.275021,-0.00639476,-0.00863427,-0.0214755,0.999712
-13.7932,26.8003,-0.276657,-0.00523475,-0.0104687,-0.0455493,0.998894
-13.531,26.7853,-0.269958,-0.00660541,-0.00795403,-0.0445492,0.998954
-13.2634,26.765,-0.267067,-0.00478906,-0.0114109,-0.100315,0.994879
-12.9826,26.7179,-0.26311,-0.00875763,-0.014285,-0.155587,0.98768
-12.7347,26.5901,-0.26477,-0.00990773,-0.00903548,-0.318971,0.94767
-12.5485,26.3908,-0.263662,-0.0112062,-0.00836917,-0.456596,0.889564
-12.4068,26.1621,-0.253958,-0.0107084,-0.00858025,-0.552141,0.833638
-12.3026,25.9085,-0.258141,-0.0112287,-0.00237149,-0.620819,0.78387
-12.252,25.6172,-0.244568,-0.00839404,0.00221888,-0.688113,0.725551
-12.3011,25.3409,-0.246119,-0.00776242,-0.00871172,-0.823295,0.567494
-12.4026,25.1021,-0.238962,-0.00973041,-0.0140382,-0.872037,0.489143
-12.4804,24.8576,-0.230877,-0.0148156,-0.0147721,-0.769423,0.638397
-12.5152,24.5901,-0.227334,-0.00792721,-0.0107156,-0.773628,0.6335
-12.5495,24.3259,-0.21934,-0.00477865,-0.00388946,-0.77393,0.633241
-12.593,24.0555,-0.219176,-0.00791467,-0.0107901,-0.770857,0.636867
-12.6156,23.7788,-0.212906,-0.00791154,-0.0113482,-0.736365,0.676443
-12.6325,23.5074,-0.209639,-0.00834112,-0.0108904,-0.70124,0.712793
-12.5852,23.2293,-0.200417,-0.00887172,-0.0108658,-0.657163,0.753618
-12.486,22.9721,-0.195215,-0.00987949,-0.0135355,-0.534637,0.844916
-12.3194,22.7516,-0.188438,-0.0104624,-0.011585,-0.477724,0.878371
-12.3054,22.4789,-0.181758,-0.00935759,-0.0117158,-0.657777,0.753064
-12.2544,22.2138,-0.179696,-0.00451467,-0.011461,-0.65695,0.753834
-12.1991,21.9417,-0.170807,-0.00826441,-0.0104315,-0.659721,0.751393
-12.1695,21.6609,-0.171318,-0.00688266,-0.00785392,-0.684943,0.728522
-12.1302,21.3917,-0.162817,-0.00601711,-0.00965248,-0.698794,0.715232
-12.1108,21.1169,-0.162023,-0.00419578,-0.0129977,-0.701971,0.712074
-12.0908,20.8274,-0.156623,-0.00429865,-0.011056,-0.705899,0.708213
-12.0766,20.5525,-0.148706,-0.00781122,-0.0170433,-0.703748,0.710202
-12.0538,20.2818,-0.136063,-0.00729788,-0.0194402,-0.704941,0.708962
-12.0424,19.9923,-0.127844,-0.00783237,-0.0196126,-0.705417,0.708478
-12.0221,19.7112,-0.115353,-0.0108088,-0.0204148,-0.703446,0.710373
-11.9989,19.4291,-0.100802,-0.0114768,-0.0229708,-0.682811,0.730144
-11.9368,19.1483,-0.0890511,-0.0143038,-0.0198513,-0.641434,0.766788
-11.8635,18.8759,-0.0832663,-0.00789129,-0.0141589,-0.615341,0.788094
-11.7757,18.609,-0.0754308,-0.00829015,-0.0105236,-0.591907,0.805895
-11.7076,18.3305,-0.0658937,-0.0118067,-0.00714184,-0.564779,0.825127
-11.5468,18.129,-0.069466,0.0070292,-0.0123203,-0.501845,0.864841
-11.3701,17.9191,-0.0683348,-0.00217875,-0.00719421,-0.460662,0.887544
-11.19,17.7151,-0.0575415,-0.0112859,-0.00505038,-0.444315,0.895785
-11.0009,17.492,-0.0560153,-0.00255565,-0.00156118,-0.433206,0.90129
-10.8229,17.2948,-0.0702473,0.00332536,0.00568776,-0.413296,0.910573
-10.6414,17.1217,-0.0644732,0.000640213,-0.000344407,-0.396553,0.918012
-10.442,16.932,-0.0664053,-0.00978116,-0.00310886,-0.397822,0.917405
-10.2533,16.7525,-0.0681798,-0.00269179,-0.000186109,-0.377005,0.926207
-10.06,16.559,-0.0796903,0.0188923,0.000730376,-0.405329,0.913976
-9.88793,16.3581,-0.095735,0.028802,0.00393565,-0.417321,0.908294
-9.7007,16.1766,-0.109915,0.0113851,0.023337,-0.456375,0.889409
-9.5372,15.9733,-0.106942,0.00270418,-0.000808858,-0.427604,0.903962
-9.34224,15.7871,-0.10483,0.000589319,-0.00312826,-0.397461,0.917614
-9.14475,15.6274,-0.102527,-0.0251598,-0.000220254,-0.390698,0.920175
-8.95841,15.4552,-0.0920756,-0.0322981,-0.0187825,-0.409597,0.911501
-8.77087,15.2647,-0.0749536,-0.0310429,-0.0181418,-0.419096,0.90723
-8.58694,15.0638,-0.0666417,-0.0318769,-0.0202568,-0.426042,0.903915
-8.41078,14.8444,-0.0499287,-0.0281814,-0.0214629,-0.470753,0.881553
-8.26014,14.6178,-0.0380199,-0.0237527,-0.0199885,-0.485341,0.873774
-8.10058,14.3843,-0.0210734,-0.0215499,-0.0195604,-0.490278,0.87108
-7.9406,14.1496,-0.0196278,-0.020492,-0.0136864,-0.490776,0.870937
-7.77512,13.9203,-0.00252463,-0.0206283,-0.0159017,-0.492414,0.869971
-7.62581,13.6813,0.00397733,-0.0242107,-0.0152195,-0.494071,0.868951
-7.46856,13.4773,0.0130098,-0.0236722,-0.0091462,-0.494044,0.869066
-7.32352,13.2345,0.0231469,-0.0206769,-0.00779948,-0.516213,0.856175
-7.18416,13.0039,0.0280299,-0.0207436,-0.00806466,-0.532267,0.846284
-7.05813,12.7415,0.0325084,-0.0207676,-0.00447355,-0.546567,0.837146
-6.93329,12.484,0.0368214,-0.0193472,-0.003584,-0.589562,0.807484
-6.85954,12.2408,0.043088,-0.0201256,-0.0067459,-0.609873,0.792215
-6.78294,12.0018,0.0485323,-0.022282,-0.00352217,-0.611361,0.79103
-6.6986,11.7627,0.0520302,-0.0224407,-0.00174539,-0.610059,0.792036
-6.61989,11.5111,0.0602781,-0.0230221,-0.00127805,-0.61176,0.790707
-6.54168,11.2479,0.0667884,-0.0261517,-0.00533414,-0.613209,0.78947
-6.45858,10.9847,0.0799218,-0.0265783,-0.00560419,-0.611658,0.790656
-6.37749,10.7086,0.0840028,-0.0237522,-0.00597424,-0.612523,0.790074
-6.29381,10.4357,0.0958618,-0.0250534,-0.00367113,-0.614891,0.788206
-6.2085,10.1671,0.0978137,-0.0243333,-0.00253605,-0.613369,0.789417
-6.13209,9.89522,0.107202,-0.0226237,-0.00461989,-0.613295,0.789516
-6.0515,9.62543,0.108112,-0.0223532,-0.00432454,-0.615921,0.787479
-5.9619,9.36081,0.116246,-0.0231235,-0.00181684,-0.615409,0.787867
-5.88099,9.08607,0.116697,-0.0205927,-0.00427408,-0.614452,0.788674
-5.80197,8.82294,0.127437,-0.0211593,-0.00309851,-0.616852,0.786789
-5.7188,8.55531,0.125982,-0.0215688,0.000154304,-0.617185,0.786522
-5.64527,8.28173,0.132759,-0.0211022,-0.000630738,-0.629137,0.777008
-5.60019,8.00881,0.136744,-0.0216922,-0.0035555,-0.687659,0.725701
-5.58028,7.72261,0.136159,-0.0239717,-0.000156019,-0.701426,0.712339
-5.55176,7.43572,0.150572,-0.022302,-0.00443003,-0.686413,0.726856
-5.51791,7.15407,0.153843,-0.0212417,-0.00472881,-0.67935,0.733491
-5.47366,6.87667,0.157502,-0.022906,-0.00269331,-0.668634,0.743234
-5.42377,6.60791,0.172884,-0.0194136,-0.00361469,-0.647022,0.762215
-5.36662,6.3328,0.170503,-0.0204602,-0.00581152,-0.642711,0.765813
-5.29747,6.05931,0.179165,-0.0222685,-0.00444653,-0.642997,0.765532
-5.23515,5.79125,0.181176,-0.021942,-0.00338279,-0.640247,0.767848
-5.17418,5.51844,0.189176,-0.020581,-0.00523574,-0.640777,0.767433
-5.11984,5.2726,0.192942,-0.022434,-0.00573646,-0.638737,0.769076
-5.0422,5.00136,0.20226,-0.023532,-0.00605551,-0.625742,0.779652
-4.96128,4.73006,0.206155,-0.0183772,-0.00443743,-0.601483,0.798662
-4.86259,4.46172,0.216741,-0.0198176,-0.00493665,-0.588334,0.80836
-4.75673,4.19874,0.215748,-0.0202468,-0.00354992,-0.577514,0.816122
-4.64525,3.94696,0.227555,-0.0184991,-0.00436635,-0.549335,0.835386
-4.51974,3.70952,0.223247,-0.0193609,-0.00512578,-0.536071,0.843935
-4.37653,3.4636,0.230362,-0.020905,-0.000594492,-0.509788,0.860046
-4.23225,3.24217,0.23809,-0.0181198,-0.00122942,-0.500459,0.865569
-4.09216,3.00831,0.234993,-0.0192415,-0.00329185,-0.488144,0.872545
-3.90549,2.79667,0.244753,-0.018092,-0.00106826,-0.432406,0.901497
-3.71162,2.58287,0.240418,-0.0164543,-0.000176013,-0.416394,0.909035
-3.51402,2.37895,0.247501,-0.0151432,-0.000756327,-0.413512,0.910373
-3.31531,2.16772,0.241161,-0.0151564,-0.00110717,-0.412819,0.910686
-3.1127,1.96408,0.244455,-0.0155123,0.000674473,-0.41133,0.911354
-2.91505,1.77581,0.24417,-0.0128406,-0.00242449,-0.388048,0.921546
-2.71483,1.59084,0.24685,-0.0149305,-0.00319632,-0.381873,0.924089
-2.49449,1.40454,0.237892,-0.0146096,0.00311359,-0.348006,0.937373
-2.27365,1.24216,0.239096,-0.00814101,0.00658111,-0.31378,0.949438
-2.0313,1.09311,0.233839,-0.0106579,0.00221163,-0.2991,0.95416
-1.79815,0.945931,0.229767,-0.0118779,0.00286886,-0.295126,0.95538
-1.5518,0.799627,0.224057,-0.00871553,0.00407926,-0.264654,0.964295
-1.29769,0.673432,0.223743,-0.00537502,0.00579906,-0.217772,0.975968
-1.02722,0.580667,0.207691,-0.00115003,0.00587302,-0.173196,0.984869
-0.758528,0.505798,0.204497,-0.009416,0.00847809,-0.166129,0.986023
-0.486091,0.442474,0.189925,-0.00803335,0.00604228,-0.143047,0.989665
-0.231276,0.381062,0.184308,-0.00836603,0.00320256,-0.138979,0.990255
0.0198895,0.318573,0.16513,-0.00708442,0.00832194,-0.139684,0.990136
