0.0198895,0.318573,0.16513,-0.00708442,0.00832194,-0.139684,0.990136
0.185937,0.203322,0.115761,-0.0114005,0.00707647,-0.163724,0.986415
0.431223,0.251977,0.123525,-0.00274461,0.002042,-0.124836,0.992172
0.676735,0.199339,0.132273,-0.00384617,-0.000979971,-0.112359,0.99366
0.946222,0.152991,0.124499,-0.00576419,-0.000367744,-0.113193,0.993556
1.20503,0.117925,0.115489,-0.00326291,-0.0016922,-0.0635183,0.997974
1.45881,0.109713,0.111252,-0.00562987,-0.00564248,-0.0142322,0.999867
1.7165,0.121387,0.104846,-0.014119,0.000718848,-0.00555967,0.999885
1.97351,0.130049,0.112442,-0.0142221,-0.00260212,-0.0013465,0.999895
2.24149,0.139308,0.109411,-0.00915343,-0.00664755,-0.00028979,0.999936
2.5132,0.153699,0.0937039,-0.0169294,0.00719438,-0.0076989,0.999801
2.77373,0.163295,0.0841444,-0.0181756,0.00724546,-0.0023966,0.999806
3.03201,0.166444,0.0911825,-0.012486,0.00142486,-0.00371156,0.999914
3.29671,0.172893,0.0929516,-0.00854988,0.00210104,-0.00287295,0.999957
3.58221,0.182217,0.0902958,-0.00738654,0.00514222,-0.0022055,0.999957
3.8392,0.194587,0.0781848,-0.00738442,0.00550551,-0.00324193,0.999952
4.10072,0.200378,0.0798161,-0.00376454,-0.00188055,-0.00499477,0.999979
4.40091,0.213968,0.0838917,-0.00823886,-0.00389653,-0.00464991,0.999948
4.65452,0.230676,0.0706972,-0.0185769,0.000995529,-0.00670811,0.999804
4.91969,0.232245,0.080452,-0.0110213,-0.00415326,-0.00504789,0.999918
5.17388,0.241405,0.0727529,-0.0135327,-0.00846022,-0.00870003,0.999835
5.45579,0.245721,0.0804403,-0.013503,-0.0058521,-0.00553186,0.999876
5.72127,0.264063,0.0745193,-0.0122743,-0.00541685,0.0215268,0.999678
5.98076,0.288818,0.0590635,-0.0139668,0.00690964,0.0300964,0.999426
6.25726,0.320555,0.0542194,-0.0130961,0.0066688,0.0314845,0.999396
6.54519,0.345232,0.0451826,-0.0117855,0.00669276,0.0335006,0.999347
6.80314,0.365336,0.0548537,-0.00498027,-0.000283887,0.032758,0.999451
7.05351,0.396805,0.0452776,-0.0121617,0.00166033,0.0297059,0.999483
7.32742,0.419795,0.0468015,-0.00875122,0.00716445,0.0324552,0.999409
7.58166,0.440966,0.0496437,-0.00678125,0.00859957,0.0330837,0.999393
7.84851,0.473038,0.0315031,-0.00933621,0.00599036,0.029934,0.99949
8.09919,0.499629,0.0269518,-0.014724,0.00603176,0.0301948,0.999417
8.34801,0.524154,0.027477,-0.0109906,0.0043961,0.0301414,0.999476
8.60612,0.550163,0.0177684,-0.00592187,0.00206143,0.0302677,0.999522
8.88162,0.580441,0.0103592,-0.0111592,0.00233149,0.0298925,0.999488
9.15394,0.606455,0.00534033,-0.00795332,0.00645882,0.0347808,0.999342
9.40333,0.627908,-0.0064288,-0.00287785,0.0152032,0.035823,0.999238
9.66674,0.655413,-0.00339351,-0.00322645,0.00880065,0.0308487,0.99948
9.93382,0.688032,-0.0235843,-0.00315722,0.0104095,0.0324374,0.999415
10.2398,0.714906,-0.0309452,0.00466474,0.00266154,0.0317528,0.999481
10.4961,0.756826,-0.0427757,0.0017856,-0.00169318,0.0591487,0.998246
10.7622,0.802265,-0.0374798,-0.000216013,0.0015945,0.0664963,0.997785
11.0262,0.856279,-0.051351,-0.000359027,0.000210407,0.0690425,0.997614
11.2761,0.899849,-0.0504178,0.00263866,-0.00215432,0.069438,0.99758
11.5364,0.940827,-0.0589181,0.0042739,0.00669172,0.0751011,0.997144
11.799,0.988013,-0.0652587,0.00617432,0.013122,0.0681091,0.997572
12.0547,1.03866,-0.060477,0.00322201,0.000769682,0.066648,0.997771
12.3274,1.09152,-0.0639282,-0.00231339,-0.00136723,0.0654888,0.99785
12.5888,1.14113,-0.070384,-0.00343612,-0.00175798,0.0660475,0.997809
12.8593,1.18547,-0.0666097,-0.00699733,-0.00374746,0.0649315,0.997858
13.1287,1.23193,-0.06851,-0.0071811,-0.00223707,0.0647422,0.997874
13.3824,1.27172,-0.068668,-0.00679015,-0.00190024,0.0653091,0.99784
13.6474,1.31568,-0.0709965,-0.00355839,-0.000511159,0.0662247,0.997798
13.9072,1.36732,-0.0751158,-0.00237326,0.001928,0.0639521,0.997948
14.1643,1.41502,-0.080215,-0.00519146,0.00345491,0.0644403,0.997902
14.4122,1.45801,-0.0901507,-0.0055232,0.00557559,0.0644181,0.997892
14.6614,1.49746,-0.0986758,-0.00630987,0.00681783,0.0635062,0.997938
14.9291,1.54471,-0.0913371,-0.00576059,0.00633237,0.0627091,0.997995
15.1894,1.58919,-0.104554,-0.00412466,0.0075935,0.0637242,0.99793
15.4435,1.62326,-0.103077,-0.000827114,0.00832024,0.0642098,0.997901
15.7022,1.66167,-0.104643,0.00487886,-0.00259032,0.0608627,0.998131
15.9618,1.71621,-0.107644,-0.0101732,-0.00576662,0.0610005,0.998069
16.2145,1.76069,-0.108913,-0.00703503,0.00298711,0.0622653,0.99803
16.4854,1.79645,-0.118142,-0.00295058,0.0008202,0.0624782,0.998042
16.766,1.8514,-0.123759,-0.00957372,0.00526666,0.0611435,0.998069
17.0353,1.89231,-0.124549,-0.0109335,0.00933089,0.0611095,0.998028
17.3096,1.93874,-0.136421,-0.00921031,0.00649804,0.0591661,0.998185
17.563,1.98271,-0.15609,-0.0118436,0.023152,0.0586268,0.997941
17.835,2.02512,-0.149423,-0.0041397,-0.00204447,0.0682723,0.997656
18.1033,2.06696,-0.151081,-0.000154538,-0.00126551,0.0664696,0.997788
18.3513,2.11899,-0.156191,-0.0102225,0.00997705,0.0649346,0.997787
18.6075,2.16248,-0.159493,-0.0113483,-0.000141194,0.0588215,0.998204
18.8788,2.2072,-0.171054,-0.0154625,0.0037651,0.0624721,0.99792
19.1476,2.25182,-0.170897,-0.0141645,-0.00355051,0.0544473,0.99841
19.4212,2.27731,-0.169698,-0.0152958,-0.00399043,0.0204344,0.999666
19.6946,2.29618,-0.165513,-0.0148743,-0.00209469,0.0143845,0.999784
19.9776,2.29984,-0.171368,-0.0106766,0.00363392,-0.0419221,0.999057
20.2512,2.27891,-0.185799,-0.011409,0.0119905,-0.057329,0.998218
20.5265,2.25241,-0.191475,-0.00837751,0.0106968,-0.058838,0.998175
20.7972,2.21294,-0.20351,0.00998649,0.0146363,-0.0565311,0.998244
21.0724,2.19994,-0.213724,-0.000674434,0.0178581,-0.0681049,0.997518
21.3356,2.1929,-0.229177,-0.0184752,0.0177673,-0.0691913,0.997274
21.5961,2.16917,-0.235394,-0.0186968,0.00297387,-0.067689,0.997527
21.8538,2.13871,-0.235541,-0.0167963,0.00245405,-0.0651428,0.997732
22.1157,2.12001,-0.241308,-0.0176801,0.00111391,-0.0643638,0.997769
22.3668,2.09498,-0.243197,-0.017492,6.18543e-05,-0.0652588,0.997715
22.6158,2.06969,-0.237096,-0.0154215,-0.00214191,-0.0674051,0.997604
22.8667,2.04501,-0.236151,-0.0131718,-0.00254205,-0.0694351,0.997496
23.1256,2.01381,-0.240847,-0.0107318,-0.001824,-0.065355,0.997803
23.4025,1.98447,-0.247188,-0.0102401,-0.0044662,-0.0655689,0.997786
23.6791,1.96424,-0.24916,-0.0103445,-0.00645191,-0.0693918,0.997515
23.9284,1.94184,-0.24673,-0.0111703,-0.00373079,-0.0655977,0.997777
24.2096,1.93693,-0.254259,-0.0090685,0.00358383,-0.00786557,0.999922
24.4786,1.9538,-0.253361,-0.00850987,0.00107103,0.0086158,0.999926
24.7337,1.98993,-0.26517,-0.00928379,0.00256856,0.061847,0.998039
25.0122,2.03968,-0.271742,-0.010777,0.00697322,0.069365,0.997509
25.2642,2.08632,-0.273045,-0.0166127,0.00560325,0.0654463,0.997702
25.5243,2.1356,-0.283398,-0.0174274,0.0048014,0.067527,0.997554
25.7884,2.18006,-0.296371,-0.0211763,0.00631439,0.0659109,0.997581
26.048,2.22729,-0.297299,-0.0223777,0.00459854,0.0630159,0.997751
26.2996,2.27708,-0.299236,-0.0229674,-0.000815585,0.0674409,0.997459
26.5586,2.32253,-0.30439,-0.0239149,0.000636651,0.0604887,0.997882
26.8222,2.36737,-0.303195,-0.0231708,-0.000734847,0.0652077,0.997602
27.0903,2.41203,-0.307359,-0.0257699,-0.0013344,0.061014,0.997803
27.3551,2.46091,-0.312293,-0.0272282,0.00121924,0.0598093,0.997838
27.6375,2.50823,-0.317906,-0.0297667,0.0023893,0.0622246,0.997615
27.9007,2.55422,-0.320693,-0.033,-0.00268021,0.0582637,0.997752
28.1703,2.60247,-0.326195,-0.0330521,-0.00105515,0.052163,0.998091
28.4411,2.64362,-0.338582,-0.0318206,0.00494972,0.0598561,0.997687
28.6981,2.69426,-0.337725,-0.0289117,-0.00509028,0.0595149,0.997796
28.9796,2.73824,-0.3358,-0.0234728,-0.00988358,0.0605512,0.99784
29.2543,2.77231,-0.338761,-0.0209391,-0.00460843,0.0594914,0.997999
29.5046,2.81606,-0.341482,-0.0182558,-0.00594523,0.0589431,0.998077
29.7622,2.86151,-0.343648,-0.0199633,-0.00299953,0.0599136,0.997999
30.0307,2.90664,-0.340835,-0.0181163,-0.00286768,0.0594816,0.998061
30.3008,2.94554,-0.336512,-0.0130504,-0.00199748,0.0636824,0.997883
30.5648,2.98514,-0.340264,-0.0152664,-0.00047975,0.0613754,0.997998
30.8138,3.02776,-0.346031,-0.0141027,-0.00196832,0.0573573,0.998252
31.0925,3.06731,-0.336917,-0.016066,-0.00123061,0.0588119,0.998139
31.3532,3.11137,-0.342508,-0.0117136,-0.00245207,0.0621088,0.997998
31.6142,3.14964,-0.341393,-0.00940631,-0.00252139,0.0619998,0.998029
31.8638,3.19014,-0.348273,-0.00842539,-0.00117179,0.0601778,0.998151
32.1121,3.22927,-0.34264,-0.0108287,0.000388457,0.0598049,0.998151
32.3764,3.27254,-0.345982,-0.00810756,0.000138298,0.0610271,0.998103
32.6549,3.31891,-0.347617,-0.00614294,0.00523703,0.0654576,0.997823
32.9015,3.35915,-0.356958,-0.00727359,0.00607205,0.0602073,0.998141
33.1582,3.40684,-0.357794,-0.0134528,-0.00129355,0.0597624,0.998121
33.4277,3.45014,-0.361248,-0.0177111,0.00297082,0.0585793,0.998121
33.6871,3.48998,-0.363023,-0.0207687,0.00905354,0.0560646,0.99817
33.9491,3.53401,-0.376228,-0.0197279,0.011891,0.0544674,0.99825
34.2101,3.57466,-0.3814,-0.0160253,0.00981472,0.0606448,0.997983
34.4808,3.61507,-0.381228,-0.01241,0.000928999,0.0591729,0.99817
34.7448,3.65527,-0.386319,-0.0124453,-0.00030821,0.0619003,0.998005
35.015,3.69992,-0.380375,-0.0134693,0.00105356,0.0609057,0.998052
35.2656,3.74554,-0.390399,-0.0160272,-0.000983952,0.0554883,0.99833
35.5137,3.78718,-0.400255,-0.0149534,0.00210927,0.0740931,0.997137
35.7723,3.85536,-0.398446,-0.022866,0.0036026,0.105511,0.994149
36.0316,3.93001,-0.395458,-0.0233791,0.00549564,0.130772,0.991122
36.274,4.01996,-0.401753,-0.0131723,0.00976374,0.193399,0.980983
36.5205,4.13762,-0.401952,-0.00616986,0.00548761,0.231709,0.97275
36.7399,4.28385,-0.417006,-0.0103963,0.011061,0.299117,0.954096
36.9226,4.46069,-0.421432,0.00123878,0.0128097,0.360435,0.932696
37.1081,4.65769,-0.433403,-0.000519538,0.01486,0.40523,0.914094
37.2706,4.87411,-0.431907,-0.00511385,0.00643313,0.444306,0.895837
37.4038,5.09904,-0.432183,-0.00293118,0.00431952,0.484382,0.874841
37.5397,5.33161,-0.436274,-0.00119954,0.00745252,0.49313,0.869923
37.6518,5.56512,-0.439645,-0.0066652,0.00333463,0.52505,0.851039
37.7529,5.81663,-0.444946,-0.00295883,0.00479846,0.554918,0.831886
37.8222,6.06465,-0.450116,-0.00169029,0.0083718,0.593806,0.804563
37.8876,6.31857,-0.452888,0.000982254,0.00238642,0.625081,0.780556
37.927,6.59153,-0.459621,0.000625018,0.0124139,0.663126,0.748405
37.9413,6.86574,-0.467915,-0.00163515,0.0175361,0.681238,0.73185
37.9277,7.13611,-0.477943,-0.00250058,0.015283,0.718003,0.695867
37.9026,7.40716,-0.484742,-0.00319574,0.0134318,0.728839,0.684546
37.8724,7.66359,-0.486031,0.00399902,0.0108829,0.744194,0.667863
37.8329,7.92133,-0.490595,0.0031381,0.00979648,0.749695,0.661704
37.7804,8.18203,-0.495875,0.00131447,0.01016,0.768827,0.639375
37.7176,8.45139,-0.506257,0.000217641,0.0165676,0.772711,0.634541
37.6531,8.72428,-0.509819,-0.00667597,0.0193041,0.771865,0.635459
37.5785,8.99202,-0.526137,-0.00906053,0.0177937,0.77463,0.632099
37.5207,9.26293,-0.541279,-0.00217841,0.0232785,0.775917,0.630402
37.4685,9.51383,-0.555924,-0.00840853,0.0243889,0.771628,0.635551
37.4062,9.77349,-0.565669,-0.0124837,0.0263119,0.770564,0.636697
37.3546,10.019,-0.57631,-0.00243728,0.0266323,0.769538,0.63804
37.2912,10.2648,-0.586836,0.00298855,0.0232134,0.787984,0.615251
37.219,10.5321,-0.588877,0.00413846,0.0232746,0.791984,0.610084
37.1336,10.7878,-0.600004,0.0034812,0.02508,0.788628,0.614349
37.0548,11.0459,-0.604963,-0.00250654,0.0200372,0.791132,0.611312
36.9815,11.3206,-0.623035,-0.00563474,0.034897,0.793373,0.607708
36.8974,11.5716,-0.633354,0.00387997,0.0420117,0.824136,0.564818
36.7801,11.8183,-0.638222,0.00255144,0.036025,0.837896,0.544634
36.6616,12.0445,-0.645389,0.00706076,0.011904,0.842374,0.538716
36.5287,12.279,-0.645773,0.00671783,0.00186177,0.843355,0.537312
36.3948,12.515,-0.63798,0.00584437,-0.012018,0.851171,0.524718
36.2523,12.7269,-0.640094,0.00319756,-0.0293408,0.860192,0.509116
36.1068,12.9489,-0.63681,0.00256749,-0.0332031,0.865169,0.500374
35.9639,13.188,-0.625305,0.00386671,-0.0244689,0.867277,0.497209
35.8137,13.413,-0.610918,-0.00204301,-0.014455,0.891554,0.452679
35.635,13.6012,-0.61053,-0.000159,-0.0234165,0.920152,0.390861
35.4269,13.7699,-0.611465,0.000464007,-0.0363857,0.928469,0.369624
35.2275,13.9374,-0.609071,0.00270245,-0.0377609,0.929817,0.36607
35.0211,14.1111,-0.603826,0.00375034,-0.0315103,0.933593,0.356928
34.8186,14.2731,-0.601579,0.0189705,-0.0440335,0.931082,0.361645
34.6357,14.4453,-0.581381,0.0139304,-0.029979,0.922888,0.383646
34.4998,14.6846,-0.564445,0.023527,-0.019609,0.811721,0.583242
34.3953,14.9163,-0.55496,0.0251629,-0.00486741,0.876635,0.480472
34.2388,15.1396,-0.555613,0.0164542,0.0053043,0.893313,0.449103
34.0802,15.3335,-0.546484,0.011453,0.0106106,0.896682,0.442399
33.9139,15.5377,-0.540152,0.0126815,0.0103456,0.873634,0.486309
33.8213,15.7786,-0.549469,0.000276777,0.0019856,0.788805,0.61464
33.7566,16.0259,-0.532072,0.00511671,-0.0156957,0.730413,0.682806
33.8249,16.283,-0.551471,0.0101764,0.00408389,0.604148,0.796796
33.7074,16.5099,-0.54663,0.0159003,0.0031822,0.905912,0.423155
33.5122,16.6839,-0.535352,0.0253616,-0.00647212,0.938507,0.344268
33.2988,16.8476,-0.539708,0.016323,0.00167113,0.949198,0.314251
33.0713,16.9993,-0.530149,0.00949241,0.00751976,0.952199,0.305238
32.8761,17.1569,-0.531119,0.00705408,0.00771389,0.916163,0.400669
32.7062,17.3539,-0.526607,0.00461106,0.00601306,0.89134,0.453273
32.5389,17.5484,-0.524002,0.00142073,-0.000274671,0.914161,0.405349
32.3456,17.727,-0.52606,0.00413193,-0.00660788,0.924766,0.380456
32.141,17.9127,-0.521263,0.00210498,-0.00804531,0.927632,0.373402
31.9478,18.0804,-0.53304,0.00356344,-0.00796772,0.927546,0.373607
31.7581,18.2553,-0.531635,0.00360739,-0.0114418,0.925754,0.377936
31.5732,18.4329,-0.536325,0.000567774,-0.014352,0.921983,0.386964
31.3881,18.6017,-0.526509,0.00260004,-0.0135591,0.917565,0.397347
31.2132,18.7874,-0.53423,-0.00736077,-0.0164945,0.896433,0.442811
31.0488,18.9849,-0.550362,-0.026173,-0.0132068,0.890149,0.454726
30.8735,19.2064,-0.574567,-0.0383359,-0.0125955,0.888861,0.456396
30.7164,19.4341,-0.56258,-0.00856621,-0.0101976,0.887804,0.46003
30.5565,19.634,-0.547777,0.0232256,-0.0254905,0.890254,0.454157
30.4007,19.8451,-0.538249,0.0298966,-0.0212365,0.892169,0.450211
30.2507,20.0476,-0.510673,0.0302716,-0.0207481,0.914499,0.40292
30.0598,20.2177,-0.50955,0.0285451,-0.019543,0.93727,0.346885
29.8324,20.3652,-0.494357,0.0257684,-0.0174383,0.952093,0.304223
29.589,20.4901,-0.48699,0.0235975,-0.017343,0.971249,0.236256
29.3488,20.5946,-0.470697,0.0219762,-0.0163179,0.978695,0.203487
29.0931,20.6682,-0.460183,0.0164431,-0.0128815,0.992822,0.117761
28.8192,20.6761,-0.456712,-0.0139993,0.0163198,-0.999749,0.00630515
28.5546,20.656,-0.444324,-0.0146182,0.0151474,-0.999308,0.0306746
28.2888,20.6163,-0.442827,-0.0153984,0.00978334,-0.999533,0.0245161
28.021,20.6172,-0.439697,0.0135591,-0.012433,0.999544,0.0239654
27.7456,20.6275,-0.446256,0.0127927,-0.0144121,0.999402,0.0287099
27.4954,20.6342,-0.439713,0.0126792,-0.0149353,0.999307,0.0316428
27.2243,20.635,-0.425671,0.0118894,-0.0123222,0.999275,0.0340117
26.9432,20.6433,-0.428478,0.0115011,-0.0158723,0.999143,0.0364455
26.6772,20.6478,-0.431694,0.0109126,-0.0137345,0.99931,0.0327349
26.411,20.6624,-0.424148,0.00997119,-0.0126549,0.999306,0.0335806
26.1565,20.6622,-0.419848,0.012437,-0.0146898,0.999188,0.0354071
25.8895,20.6701,-0.417022,0.0117264,-0.0152842,0.99919,0.0353228
25.6166,20.6734,-0.403253,0.0120619,-0.0128814,0.99922,0.0353392
25.3415,20.6849,-0.397362,0.00994574,-0.016012,0.998917,0.0425451
25.0744,20.6931,-0.386229,0.0112781,-0.0180114,0.998955,0.0404667
24.7984,20.7031,-0.388888,0.0119747,-0.0152989,0.998959,0.0412855
24.5459,20.7115,-0.381707,0.01133,-0.0143603,0.998902,0.0431397
24.2693,20.721,-0.383751,0.0119227,-0.0181532,0.998701,0.046098
23.9956,20.7368,-0.375369,0.00970995,-0.0190675,0.998702,0.0462326
23.7223,20.7475,-0.365458,0.00787789,-0.0169114,0.998663,0.0482137
23.449,20.7598,-0.36728,0.00959946,-0.0161109,0.998576,0.0499466
23.184,20.7807,-0.359036,0.00852174,-0.0158949,0.998715,0.0473591
22.9083,20.7938,-0.359929,0.00807363,-0.0154309,0.998653,0.0488791
22.6352,20.8109,-0.35878,0.00879846,-0.0179955,0.998383,0.0532078
22.3823,20.8213,-0.355124,0.00842287,-0.0211698,0.998315,0.053366
22.1104,20.8397,-0.342365,0.00912983,-0.0191672,0.998574,0.0489793
21.8402,20.8606,-0.349666,0.0103607,-0.0207513,0.998069,0.0576171
21.5657,20.8777,-0.352606,0.00696933,-0.0228535,0.99808,0.0571426
21.2867,20.899,-0.349268,0.00577504,-0.0213325,0.998147,0.0566953
21.0153,20.9186,-0.346834,0.00605745,-0.01992,0.998066,0.0585678
20.7455,20.9397,-0.343835,0.00860719,-0.0232293,0.998025,0.0577217
20.4736,20.9476,-0.331808,0.00716221,-0.0209723,0.999156,0.0345895
20.2023,20.9483,-0.344216,0.00787313,-0.0181097,0.999801,0.00267429
19.9196,20.9315,-0.350136,-0.00523353,0.0189513,-0.999807,0.000336814
19.6581,20.9241,-0.343458,-0.00665659,0.0208863,-0.999742,0.00597555
19.3875,20.912,-0.336945,-0.00529178,0.0169461,-0.999834,0.00420243
19.1077,20.8914,-0.342542,0.00527144,-0.019908,0.999785,0.00241979
18.8399,20.8841,-0.341695,0.00584866,-0.0193741,0.999795,0.000483489
18.5853,20.876,-0.342184,-0.00331364,0.0170621,-0.999237,0.0349697
18.3322,20.8234,-0.34186,-0.00311229,0.0126291,-0.997257,0.0728612
18.0642,20.7705,-0.352089,-0.00171863,0.0147107,-0.996739,0.0793225
17.7948,20.7207,-0.350603,-0.00109585,0.0116185,-0.996542,0.0822735
17.5307,20.665,-0.351261,-0.00106442,0.00896067,-0.996605,0.0818386
17.275,20.6124,-0.350323,-0.00198673,0.00942178,-0.996844,0.0787947
17.0068,20.5547,-0.354592,-0.00356301,0.00986771,-0.996766,0.0796675
16.7426,20.5047,-0.362626,-0.00381854,0.00586721,-0.998488,0.0545205
16.475,20.4814,-0.362,-0.00655774,0.00868117,-0.999836,0.0144436
16.2054,20.4664,-0.355929,-0.00548502,0.00836702,-0.99985,0.0141707
15.9268,20.448,-0.363013,-0.00909669,0.00824401,-0.999882,0.00924852
15.6515,20.4349,-0.360441,-0.00695392,0.00605083,-0.99991,0.00975305
15.3846,20.4161,-0.359416,-0.00751651,0.00691736,-0.999907,0.00903916
15.1081,20.3968,-0.353572,-0.00810248,0.0048409,-0.999884,0.0119573
14.8348,20.3845,-0.357113,-0.00882888,0.00327649,-0.999884,0.0119408
14.5593,20.3715,-0.353942,-0.0106026,0.00420965,-0.999892,0.00923056
14.285,20.3518,-0.346575,-0.00920171,0.00351727,-0.999887,0.0113524
14.0156,20.3304,-0.346701,-0.0072757,-0.00120188,-0.999898,0.0122624
13.7517,20.3207,-0.33797,-0.00602638,0.00074563,-0.999938,0.00930394
13.476,20.3024,-0.339757,-0.00939752,-0.00108399,-0.99988,0.0122261
13.2061,20.2857,-0.332145,-0.011562,-0.00260445,-0.999863,0.0115548
12.9431,20.2686,-0.32662,-0.0122374,-0.00321379,-0.999878,0.00915552
12.6707,20.2557,-0.319806,-0.0112455,-0.00251628,-0.999875,0.0108372
12.3948,20.2458,-0.317353,-0.0127571,-0.00717236,-0.999812,0.0127319
12.1309,20.2346,-0.31034,0.00988095,0.00670794,0.999808,0.0155599
11.8664,20.2346,-0.302901,0.00885154,0.00664847,0.999754,0.0192099
11.5936,20.2361,-0.294204,0.0108807,0.00786644,0.999742,0.0183266
11.3412,20.2381,-0.301541,0.0118126,0.0119273,0.999733,0.0158565
11.0763,20.2319,-0.289009,0.0102764,0.0111044,0.999734,0.0174044
10.8253,20.2362,-0.301743,0.0105299,0.0106356,0.999743,0.0170206
10.5534,20.2316,-0.292178,0.0131151,0.0147807,0.999763,0.00918737
10.2942,20.2097,-0.298111,-0.0111236,-0.0135898,-0.99881,0.0455071
10.0439,20.1757,-0.299215,-0.00676498,-0.0115327,-0.998281,0.0570616
9.77006,20.1326,-0.287684,-0.00694351,-0.0124025,-0.997935,0.0626415
9.51713,20.0894,-0.278631,-0.00972446,-0.0140522,-0.997929,0.0620096
9.25442,20.0522,-0.279419,-0.010573,-0.0126303,-0.998099,0.0593848
8.98964,20.0083,-0.275507,-0.00710757,-0.0158205,-0.997895,0.0624935
8.73673,19.9709,-0.279264,-0.0110277,-0.0168099,-0.997854,0.0623123
8.45192,19.9251,-0.271776,-0.0127799,-0.0150669,-0.997996,0.0601193
8.18216,19.878,-0.264297,-0.0104318,-0.0113454,-0.998091,0.0598136
7.91209,19.8359,-0.254177,-0.00968471,-0.0146916,-0.997772,0.06436
7.63668,19.7914,-0.253964,-0.00837875,-0.0152557,-0.997959,0.0614331
7.3722,19.7476,-0.251804,-0.00910193,-0.0138743,-0.997981,0.0613117
7.11698,19.7095,-0.238842,-0.0121412,-0.0135848,-0.997887,0.0623686
6.84161,19.6648,-0.244038,-0.0116108,-0.0128969,-0.997917,0.0621322
6.59183,19.6232,-0.238923,-0.0103121,-0.0114242,-0.998036,0.0607161
6.3347,19.5808,-0.235153,-0.010981,-0.0101134,-0.997976,0.0618125
6.08574,19.5374,-0.230019,-0.0113376,-0.0107657,-0.997893,0.062965
5.8178,19.498,-0.223669,-0.00780013,-0.00902048,-0.998079,0.0608002
5.54492,19.4506,-0.209883,-0.00828294,-0.00680138,-0.998147,0.0599037
5.28348,19.4088,-0.210112,-0.00928524,-0.00914545,-0.997945,0.062735
5.02559,19.3717,-0.197171,-0.00848007,-0.00817829,-0.998134,0.0599173
4.76623,19.3222,-0.206145,-0.00928971,-0.00695424,-0.998222,0.0584589
4.49474,19.2791,-0.194038,-0.00975781,-0.00929588,-0.997945,0.0626447
4.21788,19.2364,-0.199751,-0.00835545,-0.0118781,-0.997796,0.0647457
3.9507,19.193,-0.18687,-0.00666026,-0.00920462,-0.998205,0.0588051
3.68936,19.1511,-0.194771,-0.00988984,-0.00961264,-0.997992,0.0618216
3.41591,19.1076,-0.185386,-0.0087735,-0.0103274,-0.997973,0.0621823
3.13862,19.0634,-0.18765,-0.00723909,-0.0133188,-0.997979,0.0617179
2.88702,19.0235,-0.191345,-0.0056384,-0.0115396,-0.99786,0.0641132
2.62354,18.9775,-0.18493,-0.00964619,-0.0139106,-0.997538,0.0680522
2.36005,18.9368,-0.183837,-0.00762316,-0.0140146,-0.997883,0.063042
2.08552,18.8911,-0.178272,-0.00867282,-0.0100955,-0.997945,0.0626767
1.80685,18.8437,-0.173537,-0.00882604,-0.0118021,-0.997724,0.0658063
1.55891,18.8062,-0.164136,-0.00779052,-0.0130623,-0.997693,0.0661588
1.28531,18.758,-0.169572,-0.00869614,-0.0111937,-0.997814,0.0645496
1.01955,18.714,-0.167638,-0.00704518,-0.00987642,-0.997747,0.0659767
0.761448,18.6702,-0.165659,-0.00726502,-0.0133109,-0.997494,0.069101
0.499878,18.6265,-0.164903,-0.00493534,-0.0107172,-0.997852,0.0644416
0.216133,18.5771,-0.157938,-0.00533832,-0.0119745,-0.997538,0.0688966
-0.0474682,18.5376,-0.153149,-0.00655609,-0.0147424,-0.997908,0.0625979
-0.310585,18.4937,-0.149458,-0.00523062,-0.0157724,-0.997908,0.062484
-0.561019,18.4541,-0.150739,-0.00492487,-0.012823,-0.997954,0.0624471
-0.817657,18.4168,-0.151039,-0.00896316,-0.00784688,-0.999657,0.0233303
-1.09314,18.3972,-0.144226,-0.00984487,-0.00708606,-0.99992,0.00365149
-1.35431,18.4056,-0.143572,0.00549198,0.0126261,0.999716,0.0194413
-1.60909,18.4062,-0.145711,0.00352093,0.0144767,0.999603,0.0239339
-1.87183,18.4075,-0.142763,0.00591686,0.0104154,0.999564,0.0269711
-2.14373,18.4115,-0.146756,0.00866236,0.0087541,0.999526,0.0282262
-2.42592,18.4161,-0.139769,0.00912932,0.00405875,0.999475,0.0308264
-2.69726,18.4239,-0.12785,0.0104827,0.00457215,0.999575,0.0268026
-2.98079,18.4279,-0.126924,0.0060931,0.00245203,0.999476,0.0316947
-3.25149,18.4333,-0.136547,-0.00231596,0.00675739,0.999613,0.0269039
-3.53181,18.4509,-0.133431,-0.00786384,0.0153539,0.999679,0.0185416
-3.80546,18.4659,-0.122433,0.00411987,0.0138536,0.998029,0.0610674
-4.08244,18.4914,-0.123989,0.00383276,0.00864691,0.997083,0.0757332
-4.34348,18.5261,-0.119405,0.00390778,0.0089597,0.997249,0.0734746
-4.61858,18.5454,-0.114772,0.00230864,0.0110357,0.999592,0.0262368
-4.87101,18.5227,-0.113785,-0.00265389,-0.0129573,-0.998331,0.0562141
-5.12018,18.4778,-0.0972477,-0.0112241,-0.00967433,-0.998408,0.0544224
-5.38448,18.4608,-0.112179,0.00179065,0.0120744,0.999911,0.00541215
-5.63478,18.4586,-0.109303,-0.00134781,0.0143483,0.999441,0.0301572
-5.89075,18.4678,-0.104781,0.00215018,0.00981893,0.999252,0.0373475
-6.15023,18.4717,-0.110896,0.000956443,0.0106932,0.999369,0.0338541
-6.40748,18.4838,-0.107712,0.00464713,0.0126063,0.999366,0.0329741
-6.68488,18.49,-0.108701,0.00652062,0.00976021,0.999261,0.0365991
-6.95651,18.4989,-0.0972438,0.0106232,0.0104914,0.999224,0.0364462
-7.23782,18.5078,-0.101857,0.00615983,0.0130682,0.999432,0.0304363
-7.51981,18.519,-0.106128,-0.00184632,0.0196911,0.999296,0.0318817
-7.79405,18.5246,-0.10132,0.00886443,0.0189747,0.999273,0.0318596
-8.05991,18.5339,-0.0982822,0.0076023,0.0197644,0.999268,0.0318674
-8.32985,18.5459,-0.103311,-0.00546874,-0.0178581,-0.999515,0.0249028
-8.59457,18.4843,-0.0955659,-0.00973596,-0.0122449,-0.997789,0.0645874
-8.85869,18.4352,-0.0890749,-0.0101079,-0.0121547,-0.997041,0.0752333
-9.11196,18.3867,-0.084421,-0.0102621,-0.0140808,-0.996907,0.0766379
-9.38288,18.3361,-0.0819695,-0.00805863,-0.0130333,-0.997034,0.0754171
-9.65471,18.2774,-0.0875296,-0.00130447,-0.00387958,-0.997264,0.0738085
-9.90977,18.2366,-0.0849061,-0.00330556,-0.00931875,-0.997368,0.071829
-10.1702,18.1996,-0.0785649,-0.00422538,-0.00901795,-0.999746,0.0202264
-10.4422,18.1826,-0.078444,-0.00322643,-0.00393086,-0.999935,0.0102453
-10.7155,18.1696,-0.0820647,-0.00137392,0.00114909,0.999837,0.01798
-10.9866,18.1952,-0.0782467,0.002121,0.00814284,0.99346,0.113869
-11.2534,18.265,-0.0757466,0.00703,0.0107719,0.98836,0.151591
-11.4955,18.3886,-0.0729309,0.00515041,0.0117255,0.967579,0.252244
-11.719,18.5433,-0.0805251,-0.00293298,0.0147947,0.925458,0.37855
-11.7717,18.8016,-0.0885314,-0.00722039,0.00499949,0.730505,0.682851
-11.8457,19.0575,-0.0892862,-0.00568541,-0.00117144,0.71736,0.696678
-11.8923,19.3292,-0.0975645,-0.00831513,0.00248645,0.765391,0.643507
-11.9538,19.574,-0.107792,-0.0141988,0.007398,0.758343,0.65166
-11.9681,19.8396,-0.123852,-0.0137067,0.00836469,0.717806,0.696058
-11.9811,20.105,-0.133177,-0.0161144,0.00709331,0.713749,0.700181
-11.9965,20.382,-0.145676,-0.0133522,0.00444174,0.712713,0.701315
-12.0086,20.6476,-0.151393,-0.0110258,0.00816323,0.715611,0.698364
-12.0229,20.9128,-0.157924,-0.0117998,0.00531015,0.709952,0.704131
-12.0366,21.1766,-0.161198,-0.00809383,0.00128137,0.711307,0.702834
-12.0513,21.4486,-0.169691,-0.00241729,0.00335385,0.712934,0.701219
-12.0605,21.7335,-0.173918,-0.00162733,0.00322743,0.710798,0.703386
-12.0764,21.9934,-0.171422,-0.000975785,-0.000563189,0.710574,0.703621
-12.0859,22.2639,-0.182872,-0.00369325,0.00581751,0.712528,0.70161
-12.0927,22.5145,-0.18548,-0.000932181,0.00620923,0.710995,0.703169
-12.1032,22.7652,-0.190706,-0.00419028,0.00655664,0.708806,0.705361
-12.1246,23.0286,-0.19961,-0.00669456,0.00467874,0.712981,0.701135
-12.1409,23.2994,-0.207164,-0.00564723,0.00435071,0.721917,0.691943
-12.182,23.5601,-0.216022,-0.00443914,0.00320193,0.767867,0.640586
-12.2546,23.8098,-0.217361,-0.00364938,0.00262373,0.797688,0.603054
-12.3435,24.0609,-0.22542,-0.0040101,0.00450288,0.799984,0.599991
-12.426,24.3214,-0.224392,-0.00254798,0.0063238,0.800255,0.599621
-12.5106,24.577,-0.222483,-0.00254384,0.00076744,0.798897,0.601462
-12.598,24.8311,-0.228763,-0.000683111,0.00133359,0.800579,0.599225
-12.6758,25.0752,-0.235452,-0.00360386,0.00825551,0.797202,0.603646
-12.7221,25.3436,-0.244689,-0.00929222,0.00928305,0.743448,0.668665
-12.7643,25.6154,-0.252536,-0.00954952,0.00278819,0.734028,0.679046
-12.7912,25.8805,-0.256036,-0.00426985,0.00125122,0.735395,0.677624
-12.8161,26.1391,-0.253432,0.00177104,0.000646308,0.734352,0.678767
-12.8497,26.3875,-0.259142,-0.00564635,0.000489302,0.732882,0.680332
-12.88,26.6615,-0.265918,-0.00783644,0.00515803,0.734906,0.678104
-12.9114,26.9296,-0.275381,-0.00436342,0.0037177,0.734033,0.679089
-12.9418,27.205,-0.276841,-0.00525635,0.00209394,0.732658,0.680574
-12.9781,27.4797,-0.285556,-0.00391792,0.0031397,0.735565,0.677436
-13.0075,27.7459,-0.289439,-0.00686439,0.00383379,0.732622,0.68059
-13.0361,28.0214,-0.297905,-0.00570509,0.00108281,0.731641,0.681665
-13.069,28.2977,-0.303521,-0.00801464,0.00318186,0.732717,0.680479
-13.0932,28.5725,-0.30912,-0.00984986,0.00723065,0.735466,0.677451
-13.1257,28.8422,-0.316904,-0.0105531,0.00159155,0.729325,0.684084
-13.1575,29.114,-0.327487,-0.00959618,0.000254039,0.72975,0.683646
-13.1847,29.3862,-0.330473,-0.0084707,0.00344891,0.734825,0.678195
-13.2164,29.6573,-0.339763,-0.00971389,0.00628968,0.754832,0.655816
-13.2955,29.9148,-0.35606,-0.0127769,0.00589549,0.796219,0.604844
-13.4004,30.153,-0.357466,-0.00725429,0.00784968,0.853355,0.521221
-13.5625,30.3539,-0.360522,-0.00272948,0.0071987,0.913504,0.406756
-13.762,30.5102,-0.366887,0.00159214,0.0131682,0.965506,0.260041
-14.0094,30.5854,-0.366104,0.00607847,0.0143844,0.994822,0.10043
-14.269,30.6076,-0.361488,0.00818722,0.00984627,0.999293,0.0353577
-14.5375,30.5608,-0.359404,-0.00780929,-0.00930175,-0.99459,0.103171
-14.7917,30.557,-0.351992,0.00555026,0.010339,0.996727,0.0799841
-15.0656,30.5293,-0.355135,-0.00527877,-0.013124,-0.999042,0.0414186
-15.3202,30.4998,-0.354764,-0.00608515,-0.0143216,-0.99896,0.0428592
-15.5882,30.4654,-0.353316,-0.0064194,-0.0155546,-0.998944,0.0427627
-15.8658,30.435,-0.341336,-0.00409097,-0.0149618,-0.99892,0.0437943
-16.1306,30.4007,-0.345372,-0.00400398,-0.0121941,-0.999062,0.0413461
-16.3926,30.3705,-0.342756,-0.00392002,-0.0162259,-0.998723,0.0476917
-16.6697,30.3309,-0.346245,-0.000958386,-0.0190314,-0.998728,0.0466842
-16.938,30.298,-0.345082,-0.00512665,-0.0153258,-0.998988,0.0419693
-17.2042,30.2687,-0.337029,-0.00716361,-0.0186938,-0.99869,0.047099
-17.4876,30.2323,-0.337577,0.00112361,-0.0208093,-0.998539,0.0498475
-17.7556,30.1896,-0.338477,0.00151171,-0.0168796,-0.997427,0.0696565
-18.0184,30.1403,-0.335201,-0.00630297,-0.018119,-0.997256,0.0715082
-18.2857,30.087,-0.332216,-0.00311772,-0.0177002,-0.997018,0.0750513
-18.554,30.0386,-0.327116,-0.00538487,-0.0137067,-0.99748,0.0694034
-18.82,29.988,-0.322226,-0.0074419,-0.0102431,-0.997468,0.0699803
-19.0795,29.9399,-0.317956,-0.0107039,-0.0119246,-0.997305,0.0716017
-19.3522,29.8941,-0.318175,-0.00361732,-0.0154161,-0.997205,0.073016
-19.6195,29.8393,-0.315737,0.000946256,-0.00805889,-0.997752,0.0665188
-19.8909,29.7962,-0.31386,-0.00237576,-0.0129323,-0.996946,0.0769762
-20.1601,29.7442,-0.312694,-0.00573373,-0.00976699,-0.99759,0.0684541
-20.4318,29.6917,-0.309065,-0.00540071,-0.0075727,-0.997527,0.0696663
-20.6929,29.6419,-0.308464,-0.00379019,-0.0046947,-0.997551,0.0696827
-20.9471,29.5996,-0.306544,-0.00436247,-0.00727521,-0.997665,0.0677677
-21.2021,29.5546,-0.306249,-0.0030242,-0.00666278,-0.997869,0.0648368
-21.4616,29.5087,-0.300893,-0.00389529,-0.0024804,-0.997763,0.0666967
-21.7293,29.4654,-0.301081,-0.00720153,-0.00644592,-0.997656,0.0677374
-22,29.415,-0.293325,-0.0045255,-0.00812494,-0.997848,0.0649021
-22.2633,29.3695,-0.29509,-0.00341395,-0.00581786,-0.99779,0.0660988
-22.5324,29.3243,-0.292911,-0.0031067,-0.00642721,-0.997668,0.0678803
-22.8068,29.2793,-0.292224,-0.0014756,-0.00554764,-0.997898,0.0645529
-23.0718,29.2306,-0.29452,-0.000272354,0.00104886,-0.998174,0.0603956
-23.3446,29.2105,-0.293636,-0.0118831,-0.00561454,-0.999883,0.00778413
-23.6134,29.2014,-0.29667,-0.00302547,-0.00725021,-0.99996,0.00438253
-23.8827,29.1863,-0.289862,-0.000525985,-0.0113069,-0.999678,0.0227053
-24.1499,29.1483,-0.286724,-0.00672279,-0.00912199,-0.998049,0.0614026
-24.4264,29.1065,-0.285115,-0.00579402,-0.0141352,-0.997621,0.0672216
-24.6966,29.0584,-0.286756,-0.00164065,-0.0125706,-0.997776,0.0654457
-24.9638,29.007,-0.283813,-0.00456746,-0.00640528,-0.997906,0.064206
-25.2353,28.9614,-0.277385,-0.00606921,-0.00760382,-0.997675,0.0674555
-25.4865,28.922,-0.285049,0.00257447,-0.00625462,-0.997911,0.0642515
-25.7543,28.8687,-0.283359,0.0016333,-0.00429381,-0.998006,0.0629518
-26.021,28.8272,-0.277891,-0.00365142,-0.00606734,-0.997744,0.0667571
-26.2937,28.7801,-0.276884,-0.00219497,-0.00852959,-0.997602,0.0686526
-26.5637,28.7341,-0.279032,-0.00540444,-0.00788003,-0.99791,0.0639045
-26.8258,28.6852,-0.271363,-0.0103959,-0.00750524,-0.9977,0.0665586
-27.0758,28.644,-0.272098,-0.00364105,-0.00957443,-0.99759,0.0686273
-27.3367,28.5985,-0.270588,-0.0040453,-0.00631324,-0.997971,0.0632305
-27.6116,28.5491,-0.269877,-0.00683177,-0.00684811,-0.997807,0.0654733
-27.8733,28.5044,-0.264109,-0.00683211,-0.00838215,-0.997739,0.0663265
-28.1584,28.4567,-0.263053,-0.000312033,-0.0103881,-0.99778,0.0657822
-28.424,28.4208,-0.267243,-0.000129048,-0.0067747,-0.999111,0.0416145
-28.6842,28.3851,-0.267208,-0.000347271,-0.00659181,-0.999086,0.0422376
-28.9368,28.3563,-0.269084,0.00215566,-0.00914266,-0.998926,0.0453667
-29.2067,28.3195,-0.272488,-0.00382326,-0.0073792,-0.999193,0.0393025
-29.4561,28.2888,-0.267163,-0.00494467,-0.00871563,-0.998949,0.0447276
-29.7324,28.2588,-0.271024,-0.00103347,-0.0119514,-0.998801,0.0474604
-29.9983,28.2211,-0.266584,-0.0019092,-0.0105477,-0.999111,0.0407826
-30.2646,28.1876,-0.265282,-0.0064097,-0.0080522,-0.999115,0.0407707
-30.5323,28.1534,-0.262256,-0.00813745,-0.0111345,-0.998987,0.042834
-30.7806,28.1231,-0.262083,-0.00122378,-0.0122925,-0.998984,0.0433411
-31.0538,28.0882,-0.26187,-0.00154597,-0.0100112,-0.999102,0.0411428
-31.3284,28.0536,-0.261598,-0.00428602,-0.0120142,-0.998954,0.0439207
-31.5973,28.0201,-0.265277,-0.00059708,-0.0121692,-0.998978,0.0435199
-31.8671,27.9839,-0.26257,-0.00314553,-0.0063877,-0.999222,0.0387906
-32.1379,27.9458,-0.257969,-0.00445246,-0.00436104,-0.999145,0.0408666
-32.4105,27.9148,-0.258522,-0.00181287,-0.00903803,-0.998952,0.0448259
-32.678,27.8802,-0.254646,-0.00591304,-0.00869107,-0.999223,0.0379929
-32.9494,27.8495,-0.252915,-0.00631112,-0.0104199,-0.999029,0.042336
-33.2241,27.8166,-0.252332,-0.00536631,-0.0129307,-0.998919,0.0443232
-33.4731,27.7898,-0.249631,-0.0028781,-0.015481,-0.998968,0.0426056
-33.7432,27.7513,-0.250356,-0.00690377,-0.0118913,-0.999061,0.0410898
-34.0088,27.7159,-0.244469,-0.00624438,-0.0120706,-0.998989,0.0428474
-34.2871,27.6865,-0.246164,-0.00104762,-0.0146302,-0.998919,0.0440997
-34.5633,27.6529,-0.23875,-0.00257516,-0.0122158,-0.999093,0.0407137
-34.8251,27.6164,-0.236683,-0.00750245,-0.0104876,-0.999022,0.0422904
-35.0744,27.5846,-0.23257,-0.00647048,-0.0114937,-0.999063,0.0412158
-35.323,27.5566,-0.237199,-0.00202575,-0.0112545,-0.999056,0.041915
-35.6054,27.57,-0.229064,0.00100091,0.0123701,0.994301,0.105887
-35.8617,27.6324,-0.231346,0.000113462,0.0156165,0.990644,0.135576
-36.1311,27.7016,-0.234277,-0.00104812,0.0172123,0.990866,0.133742
-36.3803,27.7267,-0.240928,0.0056416,0.0172607,0.999835,0.000239465
-36.6234,27.6584,-0.238297,-0.00650782,-0.0261726,-0.982891,0.182204
-36.8699,27.5573,-0.234659,0.000464174,-0.021779,-0.991364,0.129316
-37.1348,27.5715,-0.2261,0.00873887,0.0216265,0.999666,0.0111604
-37.3945,27.5699,-0.226442,0.00970543,0.0223077,0.999694,0.00452038
-37.662,27.5664,-0.223789,-0.00443388,-0.0270291,-0.999625,0.000558684
-37.9131,27.5567,-0.225247,-0.000503968,-0.0254175,-0.999675,0.00195695
-38.1717,27.5221,-0.228868,-0.00102414,-0.0228941,-0.997893,0.0606991
-38.4348,27.4839,-0.22922,-0.00329288,-0.0342305,-0.996997,0.0693833
-38.7096,27.4458,-0.231824,-0.000460617,-0.041414,-0.996714,0.0696131
-38.9761,27.3887,-0.222884,1.90173e-05,-0.0308995,-0.99749,0.0637084
-39.231,27.3512,-0.21646,-0.0184566,-0.0390312,-0.996392,0.0730652
-39.4947,27.3033,-0.213009,-0.0136321,-0.0353887,-0.996958,0.0680912
-39.7483,27.2541,-0.205525,-0.00528344,-0.0327834,-0.997103,0.0684285
-40.01,27.2069,-0.200106,-0.00608515,-0.0313572,-0.997136,0.0685514
-40.2747,27.1557,-0.192346,-0.00807455,-0.0292172,-0.997207,0.0682661
-40.5406,27.1085,-0.181443,-0.0152338,-0.0289265,-0.997253,0.0664731
-40.7979,27.0644,-0.172669,-0.0151073,-0.027575,-0.997128,0.068897
-41.0485,27.0185,-0.168465,-0.0102133,-0.0252212,-0.997209,0.0695267
-41.3219,26.9711,-0.162459,-0.00654962,-0.0261735,-0.997264,0.0688269
-41.585,26.9164,-0.160029,-0.00816968,-0.0158732,-0.997582,0.0671652
-41.8477,26.883,-0.151409,-0.00773236,-0.0160228,-0.99969,0.017415
-42.1254,26.8639,-0.146376,-0.00569284,-0.0177297,-0.999804,0.00677043
-42.3779,26.8498,-0.148218,-0.00612104,-0.0148051,-0.999863,0.00418902
-42.6343,26.8383,-0.147255,-0.00497414,-0.0174997,-0.999799,0.00839301
-42.8863,26.8279,-0.143326,-0.00729445,-0.0174602,-0.999793,0.00748322
-43.1606,26.8079,-0.136865,-0.00697253,-0.0186307,-0.99979,0.00496853
-43.4435,26.797,-0.141777,-0.0010786,-0.0149709,-0.999871,0.00569264
-43.7221,26.7824,-0.130647,-0.00425134,-0.0192615,-0.999758,0.00974369
-43.9952,26.7706,-0.132593,-0.00280346,-0.0222888,-0.999688,0.0109349
-44.257,26.7502,-0.1334,4.64572e-05,-0.0205127,-0.999758,0.00800691
-44.5242,26.7412,-0.128814,-0.0046198,-0.0216432,-0.999687,0.011697
-44.8191,26.7207,-0.131856,0.000114958,-0.0225349,-0.999669,0.0123776
-45.0913,26.7048,-0.132561,-0.000262198,-0.0238906,-0.999658,0.0106292
-45.3814,26.6883,-0.130225,-0.00815344,-0.0209136,-0.999699,0.00993535
-45.6708,26.6675,-0.129233,-0.0038878,-0.0240753,-0.999382,0.0253243
-45.9482,26.6434,-0.12957,-0.00235295,-0.0217041,-0.999217,0.0329917
-46.2379,26.6066,-0.12309,-0.00659043,-0.0224612,-0.998968,0.0389301
-46.5191,26.5747,-0.126578,-0.00147173,-0.0217196,-0.998803,0.0438002
-46.7989,26.5403,-0.125946,-0.000185716,-0.0213448,-0.998959,0.0403261
-47.0846,26.5029,-0.125413,-0.00484526,-0.0208236,-0.998856,0.0427769
-47.3622,26.4726,-0.119952,-0.00788438,-0.0251552,-0.99871,0.043409
-47.6461,26.437,-0.123167,-0.00171379,-0.0258026,-0.998705,0.0438237
-47.9192,26.4026,-0.121849,-0.00372068,-0.0242745,-0.998758,0.0433523
-48.2103,26.3675,-0.121474,-0.0032615,-0.0253881,-0.998526,0.0478631
-48.4866,26.3296,-0.122845,0.00286266,-0.024362,-0.998667,0.045422
-48.7766,26.2935,-0.122914,-0.00082798,-0.0250048,-0.998653,0.045451
-49.0382,26.2644,-0.12543,0.00039217,-0.0222127,-0.9988,0.0436473
-49.3134,26.2248,-0.124842,-0.00142192,-0.0231612,-0.998633,0.0468446
-49.5769,26.1923,-0.120668,-0.00203298,-0.019949,-0.998877,0.0429367
-49.8298,26.1628,-0.12516,-0.00373635,-0.0238669,-0.998563,0.0478414
-50.1079,26.1228,-0.127129,0.00116757,-0.019922,-0.998728,0.0463057
-50.3554,26.0787,-0.131153,0.00135743,-0.00270471,-0.999423,0.0338253
-50.6287,26.0505,-0.118842,-0.0150426,-0.0176706,-0.998462,0.0503501
-50.879,26.0226,-0.130967,-0.00950349,-0.0239895,-0.998319,0.05189
-51.1585,25.989,-0.125027,0.0020337,-0.0230463,-0.998547,0.0486679
-51.4248,25.945,-0.125856,-9.46139e-05,-0.0215934,-0.998464,0.0510251
-51.6816,25.9187,-0.127759,-0.00229145,-0.0257212,-0.998207,0.054003
-51.9751,25.8719,-0.123507,0.0028157,-0.0269409,-0.998215,0.0532343
-52.2397,25.8319,-0.129256,0.00162862,-0.0242389,-0.998414,0.0507879
-52.5159,25.794,-0.123145,-0.00404839,-0.026246,-0.998203,0.0537178
-52.765,25.7559,-0.125721,0.000595651,-0.0254953,-0.998139,0.055385
-53.0429,25.7152,-0.124824,0.000867528,-0.0245986,-0.998451,0.0498907
-53.3358,25.6739,-0.122334,-0.0045321,-0.0260906,-0.998179,0.0541996
-53.6178,25.6327,-0.124025,-0.000513355,-0.0242911,-0.998208,0.0546857
-53.894,25.5912,-0.123429,-0.00352225,-0.0244375,-0.998224,0.054216
-54.1714,25.5537,-0.127663,-0.00201999,-0.0221948,-0.998314,0.0536041
-54.4622,25.5112,-0.123921,-0.00150184,-0.0262629,-0.997875,0.059617
-54.7336,25.4734,-0.126774,0.000498484,-0.0254012,-0.998214,0.0540695
-55.0145,25.4297,-0.123914,-0.00658657,-0.0233643,-0.998254,0.0538517
-55.2648,25.4029,-0.123589,-0.00264587,-0.0234781,-0.998036,0.058023
-55.5379,25.3587,-0.12533,0.00626796,-0.0237175,-0.99813,0.0559957
-55.8263,25.311,-0.126302,-0.00577927,-0.0206101,-0.998339,0.0534824
-56.1056,25.2783,-0.118911,-0.00229112,-0.0228957,-0.997874,0.0609765
-56.3551,25.2404,-0.117104,-0.00379244,-0.0219158,-0.998263,0.0545561
-56.63,25.1977,-0.115442,-0.00846303,-0.0165699,-0.998499,0.0515118
-56.8837,25.1598,-0.116378,0.000125281,-0.0204448,-0.997918,0.0611744
-57.1729,25.1255,-0.114538,-0.000836259,-0.0200089,-0.998159,0.0572464
-57.4393,25.0789,-0.118788,-0.00448948,-0.0184924,-0.998267,0.0556828
-57.7185,25.0378,-0.121007,-0.00191974,-0.016285,-0.998282,0.0562584
-57.9989,24.9912,-0.119543,0.00150757,-0.0164557,-0.998135,0.0587726
-58.2858,24.9489,-0.127475,0.00759109,-0.016528,-0.998369,0.0541186
-58.5389,24.9159,-0.141537,0.0142573,-0.0123659,-0.99833,0.0546061
-58.8016,24.8699,-0.134593,0.00200467,-0.0225316,-0.996345,0.0823722
-59.0765,24.8133,-0.146822,0.00606756,-0.0274193,-0.99621,0.082317
-59.3202,24.7568,-0.157943,0.0163748,-0.0219519,-0.996563,0.0781869
-59.5686,24.7176,-0.16654,0.0258403,-0.0245135,-0.995928,0.0828187
-59.8475,24.6646,-0.179561,0.0277718,-0.0322732,-0.995563,0.0839123
-60.1158,24.6069,-0.204656,0.0304079,-0.0296899,-0.995711,0.0821767
-60.3642,24.5548,-0.223972,0.0371779,-0.0269761,-0.995306,0.0851803
-60.6381,24.5026,-0.247611,0.0369481,-0.0396197,-0.994349,0.091295
-60.8865,24.4508,-0.261059,0.0387673,-0.0426973,-0.994324,0.0894092
-61.1627,24.3862,-0.289221,0.0410417,-0.0427751,-0.99405,0.0913804
-61.4064,24.3366,-0.316613,0.0421183,-0.0473873,-0.993372,0.0958766
-61.6586,24.2851,-0.341509,0.0432538,-0.053376,-0.992973,0.0963597
-61.9019,24.2286,-0.362601,0.0432104,-0.0577424,-0.992667,0.0970107
-62.1774,24.1612,-0.379356,0.0462863,-0.0700316,-0.989278,0.119509
-62.4535,24.099,-0.410631,0.0492739,-0.0841867,-0.987285,0.125507
-62.6878,24.0098,-0.426524,0.0487453,-0.0710435,-0.98868,0.122837
-62.9178,23.9117,-0.431187,0.0450085,-0.0664199,-0.986001,0.146169
-63.1936,23.8186,-0.45294,0.0460493,-0.0694593,-0.985841,0.145507
-63.4333,23.7476,-0.474357,0.0471005,-0.0684538,-0.985838,0.14567
-63.7005,23.6547,-0.494547,0.0482331,-0.068953,-0.985178,0.149475
-63.9658,23.5619,-0.514551,0.0446216,-0.070038,-0.984499,0.154484
-64.2276,23.4646,-0.529185,0.0447722,-0.0735865,-0.979382,0.182733
-64.4908,23.3396,-0.55231,0.0371967,-0.069726,-0.972287,0.22003
-64.7345,23.1958,-0.560394,0.038629,-0.0726329,-0.968672,0.234323
-64.9561,23.0652,-0.570966,0.0371287,-0.0685971,-0.967865,0.239067
-65.1979,22.9245,-0.575441,0.0301989,-0.06581,-0.960324,0.269324
-65.4217,22.739,-0.575018,0.0225153,-0.0658194,-0.948683,0.308482
-65.6589,22.5525,-0.574228,0.0244269,-0.0655666,-0.944753,0.320229
-65.8521,22.368,-0.579305,0.0274057,-0.0634278,-0.94418,0.322103
-66.069,22.1951,-0.576513,0.0173418,-0.0656343,-0.940746,0.332247
-66.2887,22.0178,-0.575356,0.0128065,-0.0632281,-0.940177,0.334523
-66.495,21.8341,-0.563513,0.00574798,-0.0594239,-0.941427,0.331891
-66.6964,21.6569,-0.548675,-0.00509852,-0.0524866,-0.942997,0.328596
-66.887,21.4872,-0.53916,-0.00912578,-0.0534529,-0.941834,0.331676
-67.0967,21.315,-0.523683,-0.00818247,-0.0550892,-0.941753,0.331662
-67.3094,21.1193,-0.510589,-0.0105946,-0.0526826,-0.933382,0.354838
-67.4762,20.9174,-0.49438,-0.0150468,-0.0496157,-0.913335,0.403895
-67.6544,20.7124,-0.475937,-0.0168365,-0.0519635,-0.877776,0.475947
-67.797,20.4727,-0.457917,-0.0190036,-0.0476431,-0.843233,0.535095
-67.8531,20.2096,-0.433427,-0.0220738,-0.0453441,-0.808412,0.586453
-67.9148,19.9363,-0.40769,-0.0255656,-0.0467316,-0.773192,0.631931
-67.9002,19.6799,-0.381235,-0.0356686,-0.0419089,-0.681578,0.729673
-67.8619,19.4,-0.35382,-0.0338764,-0.0399705,-0.644019,0.763213
-67.7915,19.1386,-0.325032,-0.0348411,-0.0404837,-0.633052,0.772265
-67.7373,18.8948,-0.3034,-0.0303289,-0.0384953,-0.659546,0.750065
-67.7143,18.6205,-0.281174,-0.0283121,-0.0402769,-0.701684,0.710785
-67.7048,18.3544,-0.255964,-0.0298267,-0.0382105,-0.712267,0.700233
-67.6554,18.0821,-0.229867,-0.0312767,-0.036024,-0.65038,0.758109
-67.5982,17.822,-0.207332,-0.0355326,-0.0369407,-0.603169,0.795965
-67.513,17.5744,-0.185933,-0.0319642,-0.0319227,-0.611348,0.790071
-67.4359,17.3021,-0.164656,-0.0310751,-0.0318915,-0.614181,0.787908
-67.3632,17.0358,-0.144855,-0.0314995,-0.0316208,-0.615433,0.786925
-67.2878,16.7964,-0.12608,-0.0311008,-0.0303983,-0.616926,0.785819
-67.2163,16.5223,-0.10872,-0.0309533,-0.0284009,-0.619259,0.784062
-67.1317,16.2528,-0.0834729,-0.0318231,-0.0282819,-0.619176,0.784097
-67.0565,15.9742,-0.0654576,-0.0327384,-0.0278352,-0.619905,0.783499
-66.9777,15.7124,-0.0443298,-0.0337394,-0.0253716,-0.620205,0.783303
-66.9096,15.4428,-0.0227186,-0.0339883,-0.0261252,-0.620277,0.78321
-66.8304,15.1604,0.00069071,-0.0332286,-0.0250694,-0.620137,0.783389
-66.7602,14.9073,0.0160857,-0.0310714,-0.0234283,-0.621056,0.7828
-66.6928,14.6394,0.0382466,-0.031482,-0.0238376,-0.620966,0.782842
-66.6082,14.4018,0.0516199,-0.0292861,-0.0214394,-0.621188,0.782821
-66.5301,14.1203,0.0662515,-0.0276259,-0.0186221,-0.622002,0.782307
-66.4557,13.8431,0.0834311,-0.0255343,-0.0192181,-0.621704,0.7826
-66.3859,13.5989,0.0946035,-0.0227009,-0.0175684,-0.611109,0.791026
-66.3068,13.3602,0.103882,-0.0189273,-0.0128341,-0.601382,0.798634
-66.1903,13.1127,0.106962,-0.0176448,-0.00721539,-0.554632,0.831878
-66.064,12.8948,0.112594,-0.0164693,-0.00449447,-0.511909,0.85887
-65.9152,12.6611,0.121263,-0.0123289,-0.00495246,-0.496778,0.867776
-65.7735,12.428,0.118074,-0.0134874,-0.0048873,-0.494756,0.868914
-65.5924,12.214,0.123865,-0.0121858,-0.00550933,-0.406498,0.913554
-65.3777,12.0511,0.117447,-0.00842698,-0.00324857,-0.264254,0.964411
-65.1397,11.9379,0.110333,-0.0057783,-0.00400818,-0.178026,0.984001
-64.8966,11.8711,0.112336,-0.00855237,-0.00492827,-0.151767,0.988367
-64.6409,11.8018,0.108408,-0.005723,-0.0036566,-0.100668,0.994897
-64.378,11.7724,0.1109,-0.00451934,-0.00789727,-0.0813585,0.996643
-64.121,11.7385,0.11015,-0.00936646,-0.00103003,-0.0743169,0.99719
-63.8728,11.7075,0.10815,-0.00753486,0.00154853,-0.0758717,0.997088
-63.6222,11.6723,0.100828,-0.00608218,-0.00158128,-0.0746291,0.997192
-63.3505,11.6358,0.0953777,-0.00197277,0.000424417,-0.0825124,0.996588
-63.1014,11.6094,0.0986992,-0.0146358,0.000331728,-0.0852445,0.996253
-62.8439,11.5706,0.0996623,-0.0056362,-0.00574688,-0.0741096,0.997218
-62.5709,11.5448,0.100383,-0.00555745,-0.00554889,-0.0663187,0.997768
-62.3008,11.5233,0.105921,-0.00923191,-0.00448545,-0.0347352,0.999344
-62.0313,11.5196,0.104187,-0.00604321,-0.00138406,0.00307429,0.999976
-61.7531,11.536,0.103335,0.000382157,3.96622e-07,0.00969455,0.999953
-61.4783,11.5501,0.100986,8.07231e-05,-0.00108839,0.012526,0.999921
-61.2246,11.5663,0.0992106,0.0029035,0.0011213,0.0198308,0.999799
-60.9583,11.5941,0.0936614,0.000841703,9.33705e-05,0.0401457,0.999193
-60.6888,11.6322,0.0915864,-0.0033303,-0.00480219,0.0502879,0.998718
-60.4357,11.6693,0.0888074,-0.00204861,-0.00672101,0.0552818,0.998446
-60.1655,11.7095,0.0896975,0.000530883,-0.00202285,0.05907,0.998252
-59.9114,11.7516,0.0852285,0.00222369,-0.00244219,0.0567617,0.998382
-59.6447,11.7879,0.0760467,0.000804362,-0.00325689,0.0563953,0.998403
-59.3662,11.8315,0.0675488,-0.000221497,-0.00208646,0.0581198,0.998307
-59.1159,11.8658,0.0750856,0.00287635,-0.000787732,0.0588347,0.998263
-58.8461,11.9072,0.0689653,0.00214281,0.00631319,0.055548,0.998434
-58.5918,11.9416,0.0709713,0.000170299,0.00334734,0.0594804,0.998224
-58.3435,11.9768,0.0733865,0.000475752,-0.0121564,0.0700236,0.997471
-58.0751,12.0247,0.0705216,-0.0014884,-0.0104632,0.0673213,0.997675
-57.8117,12.0728,0.0753298,-0.00331813,-0.00517303,0.0673776,0.997709
-57.5573,12.1235,0.0790728,-0.000443335,-0.00494263,0.0694887,0.99757
-57.3015,12.1753,0.0801729,-0.00535472,-0.00541765,0.0672755,0.997705
-57.0317,12.2226,0.0861093,-0.00595424,-0.0011102,0.0663353,0.997779
-56.7835,12.2733,0.0681063,-0.00636576,-0.00264744,0.0796254,0.996801
-56.5272,12.3281,0.0733927,-0.000868402,-0.00114728,0.0845295,0.99642
-56.2817,12.3759,0.066648,-0.00318124,-0.00127707,0.0842332,0.99644
-56.0168,12.4391,0.0635321,-0.0108629,-0.00124341,0.0834555,0.996452
-55.7455,12.4968,0.0683343,-0.00248749,-0.00196886,0.0885708,0.996065
-55.4908,12.5487,0.0680134,0.00228464,-0.00733337,0.0859364,0.996271
-55.2386,12.6119,0.0757968,-0.00289403,-0.00669261,0.0828141,0.996538
-54.9684,12.6751,0.0754022,-0.00408741,-0.0015796,0.0860618,0.99628
-54.7182,12.7191,0.0716557,-0.0025489,-0.00346997,0.0433571,0.99905
-54.4407,12.7484,0.0771019,-0.00387477,-0.00262457,0.0276856,0.999606
-54.1836,12.7742,0.0697584,-0.0051466,-0.000217132,0.0256992,0.999656
-53.9243,12.8,0.0727034,-0.000543426,0.000706503,0.0257287,0.999669
-53.6553,12.8202,0.0836648,0.000438053,-0.00555432,0.0236484,0.999705
-53.39,12.8491,0.0831498,-0.00143869,-0.00653077,0.0260612,0.999638
-53.1288,12.8682,0.0766719,-8.09485e-05,-0.00213069,0.027274,0.999626
-52.8707,12.8947,0.0794335,-0.000168438,-0.00438909,0.0234249,0.999716
-52.6126,12.9137,0.0765176,0.000408108,-0.00527004,0.0242265,0.999693
-52.3331,12.9399,0.0777934,-0.000836659,-0.00215179,0.0261136,0.999656
-52.079,12.9651,0.0769153,-0.000762147,-0.00235987,0.0249667,0.999685
-51.8026,12.9935,0.0807575,-0.000969964,-0.00504655,0.0240775,0.999697
-51.5446,13.0167,0.0837625,0.000201052,-0.00598553,0.0271538,0.999613
-51.2747,13.0394,0.0794678,0.00123611,-0.00284809,0.0265814,0.999642
-51.0082,13.0615,0.0777122,0.00113661,-0.00332386,0.0258503,0.99966
-50.7359,13.0922,0.079237,-0.00163854,-0.00242429,0.0275972,0.999615
-50.4853,13.1058,0.0801973,-0.000493053,-0.00153341,0.0279703,0.999607
-50.2145,13.1309,0.0793585,0.00176606,-0.00224224,0.0263369,0.999649
-49.9509,13.1608,0.0836283,-0.000274367,0.00088529,0.029353,0.999569
-49.6671,13.1861,0.0840952,0.00311906,0.00218034,0.0311672,0.999507
-49.4027,13.2146,0.0865861,0.00267721,-0.000529379,0.0287883,0.999582
-49.1378,13.2405,0.0861251,0.00218703,-0.000414741,0.0307164,0.999526
-48.8721,13.2731,0.0921859,0.000856523,-0.0032378,0.0292459,0.999567
-48.6045,13.2961,0.0891715,0.000414893,-0.00228586,0.0298801,0.999551
-48.3271,13.3196,0.085613,0.00208392,-0.00310718,0.0276949,0.999609
-48.0494,13.3464,0.0869061,-0.000593531,-0.00526433,0.0287397,0.999573
-47.7771,13.3747,0.0883598,0.000230811,-0.00588464,0.0282891,0.999582
-47.5147,13.395,0.081197,-0.00148022,-0.00563121,0.0272947,0.99961
-47.2525,13.4186,0.078748,-0.0030187,-0.00370422,0.0293411,0.999558
-46.9736,13.4417,0.0847369,0.0061636,-0.00356355,0.0335149,0.999413
-46.7036,13.4737,0.0852206,0.00603086,-0.00563772,0.030798,0.999492
-46.4257,13.5012,0.083515,0.00158779,-0.00464601,0.030848,0.999512
-46.1577,13.5264,0.0765271,0.00250907,-0.0033589,0.0335195,0.999429
-45.8833,13.5557,0.0836011,0.00540104,-0.00292629,0.0341477,0.999398
-45.6172,13.5828,0.0774299,0.00179277,-0.00258807,0.0310676,0.999512
-45.3419,13.6077,0.0704214,-2.25527e-05,-0.00301786,0.0337711,0.999425
-45.0711,13.6382,0.073121,0.0012422,-0.0060803,0.0324922,0.999453
-44.7942,13.667,0.0670415,-0.000626429,-0.0013299,0.0344515,0.999405
-44.5333,13.6915,0.0684363,-0.00220866,0.00109911,0.0353955,0.99937
-44.2664,13.7227,0.0665378,-0.000783656,-0.00559402,0.0348958,0.999375
-43.9913,13.7516,0.0765598,-0.00101274,-0.00641024,0.0326724,0.999445
-43.74,13.7788,0.0708681,-0.00532556,-0.0032768,0.0341497,0.999397
-43.4729,13.8048,0.0686959,-0.00177251,-0.000958325,0.0377398,0.999286
-43.2017,13.8275,0.0786821,0.00389471,-0.00605968,0.0369425,0.999291
-42.9321,13.8611,0.0761818,-0.00105787,-0.00687729,0.0346918,0.999374
-42.6704,13.8904,0.0752325,-0.002094,-0.00805138,0.0375036,0.999262
-42.4167,13.9222,0.0766152,-0.000433493,-0.00311114,0.0360115,0.999346
-42.1519,13.9481,0.0737968,-0.0033044,-0.00468635,0.0345468,0.999387
-41.8828,13.9799,0.0796703,-0.00409228,-0.00833551,0.0373894,0.999258
-41.6029,14.0091,0.0863718,0.00140848,-0.00410192,0.0387702,0.999239
-41.3284,14.0418,0.0761831,-0.00396139,0.000197127,0.0342682,0.999405
-41.056,14.0748,0.0751335,-0.00512163,0.000587721,0.0365362,0.999319
-40.7985,14.1017,0.0742258,-0.0034014,-0.00305158,0.0379643,0.999269
-40.5313,14.133,0.0756225,-0.0028153,-0.00742838,0.0365507,0.9993
-40.2567,14.1576,0.0776078,-0.00194022,-0.00570088,0.0350901,0.999366
-39.9894,14.1856,0.0769397,-0.00147946,-0.00112113,0.0392585,0.999227
-39.7169,14.2158,0.0757069,0.00210468,-0.00341369,0.0359037,0.999347
-39.4397,14.2465,0.0738164,0.000204717,-0.00382476,0.0369079,0.999311
-39.1767,14.2673,0.0881292,0.0036175,-0.0151042,0.0449069,0.99887
-38.914,14.3049,0.0909395,0.00102485,-0.0175395,0.0440968,0.998873
-38.639,14.3379,0.0723008,-0.000681595,0.0122694,0.0447838,0.998921
-38.3891,14.3709,0.0702826,-0.00302827,0.0131858,0.0429057,0.998988
-38.1331,14.4032,0.06173,-0.000427439,-0.00225253,0.046365,0.998922
-37.8779,14.4344,0.0677162,0.00050854,4.3315e-05,0.0473791,0.998877
-37.6083,14.4709,0.0643319,-0.00361275,-0.00182032,0.0406095,0.999167
-37.3292,14.5061,0.0652714,-0.00201567,-0.00205054,0.0438802,0.999033
-37.0575,14.5402,0.0635736,-0.000632416,0.00426082,0.0455046,0.998955
-36.807,14.5686,0.0670249,-0.00128594,-0.00372305,0.0432177,0.999058
-36.539,14.6066,0.0692325,-0.00423955,-0.0100546,0.0442773,0.99896
-36.2721,14.6372,0.0664578,0.000958129,-0.00404099,0.0468696,0.998892
-35.9894,14.6695,0.0666303,-0.00103587,-0.0017742,0.0438575,0.999036
-35.728,14.6994,0.0731946,-0.00213485,-0.00484333,0.0457803,0.998938
-35.4725,14.7377,0.0788711,-0.00219606,-0.0108037,0.0462879,0.998867
-35.2225,14.7643,0.0889995,0.00220053,-0.00535278,0.0455963,0.998943
-34.9408,14.8038,0.080649,-0.00298687,-0.00735631,0.0441719,0.998992
-34.6725,14.8324,0.0847013,-0.00342901,-0.00562275,0.0473545,0.998856
-34.3956,14.8694,0.0842371,-0.0018411,-0.000582724,0.0476456,0.998862
-34.1356,14.9014,0.0918709,0.00074008,-0.000606891,0.0494514,0.998776
-33.8851,14.9343,0.0857664,5.89999e-05,-0.00109443,0.0479332,0.99885
-33.6104,14.9609,0.0871119,0.00246633,-0.00393859,0.0476972,0.998851
-33.347,14.999,0.0799935,-0.0012386,-9.72231e-05,0.04865,0.998815
-33.0997,15.0356,0.0801682,-0.000425379,0.00570599,0.0488316,0.998791
-32.8168,15.0728,0.0741214,-0.000942991,-0.0065442,0.0470149,0.998872
-32.5583,15.1067,0.0715272,-0.00181838,-0.00630446,0.0483958,0.998807
-32.2857,15.1438,0.070934,-0.00352079,-0.000569881,0.0479051,0.998846
-32.0257,15.1799,0.072475,-0.00105989,-0.00481345,0.0511923,0.998677
-31.7773,15.2181,0.0683446,-0.000723094,0.00170481,0.04892,0.998801
-31.5034,15.2549,0.0608375,-0.000327616,-0.00125449,0.0478999,0.998851
-31.2409,15.2909,0.0648725,-0.00351623,-0.000554756,0.051006,0.998692
-30.9704,15.3265,0.0678446,0.00178651,-0.00264513,0.0500893,0.99874
-30.7004,15.3576,0.0662308,0.004912,-0.00353822,0.05044,0.998709
-30.4521,15.3934,0.0624311,0.000373159,-0.00126365,0.0498282,0.998757
-30.1654,15.4307,0.060424,0.00199318,0.00126817,0.0524819,0.998619
-29.9022,15.4722,0.0448355,-0.00153855,0.00394356,0.0493428,0.998773
-29.6368,15.5096,0.0459517,-0.00174271,0.00470775,0.0510118,0.998685
-29.3754,15.551,0.0475326,-0.00338855,-0.000342965,0.0509662,0.998695
-29.0988,15.5913,0.0481031,-0.00181921,0.000301444,0.0503697,0.998729
-28.8259,15.6276,0.0394029,-0.00427797,-0.0025308,0.050605,0.998706
-28.5675,15.6666,0.0469293,-0.000814985,-0.00438754,0.0537281,0.998546
-28.3197,15.6999,0.0439415,-5.72732e-05,-0.00137084,0.0515063,0.998672
-28.0547,15.7382,0.0507158,-0.000283966,-0.00756186,0.0505277,0.998694
-27.7795,15.7818,0.0464286,0.00137323,-0.00196554,0.0541424,0.99853
-27.5076,15.8156,0.0393509,0.00210506,0.00156492,0.0562564,0.998413
-27.2507,15.8558,0.0434009,-0.000775717,0.0034924,0.0537212,0.99855
-27.002,15.8974,0.0408264,-0.0015846,-0.00230179,0.054865,0.99849
-26.7355,15.9346,0.0461766,0.00313004,-0.00694288,0.0578943,0.998294
-26.4867,15.9712,0.0423365,0.00214845,-0.00522255,0.0578306,0.99831
-26.2233,16.0189,0.0427764,-0.000828912,-0.00343547,0.0542975,0.998519
-25.9706,16.0541,0.032003,-0.00366435,0.000269888,0.0568522,0.998376
-25.7137,16.0908,0.0311053,-0.00309526,0.00312667,0.0568504,0.998373
-25.4521,16.1353,0.0340093,-0.00139506,0.000495381,0.0559126,0.998435
-25.1739,16.1726,0.030713,-0.00235989,-0.00089601,0.0569833,0.998372
-24.9076,16.2163,0.0337979,-0.000351156,0.000222611,0.0591025,0.998252
-24.6535,16.2529,0.0386225,-0.00042774,-0.00211361,0.0569046,0.998377
-24.4037,16.2877,0.0323577,-0.00337069,-0.00134571,0.0552809,0.998464
-24.1363,16.3278,0.0399505,-0.000798123,-0.00233399,0.0592492,0.99824
-23.8704,16.3704,0.0434714,0.00416507,-0.00173938,0.0606394,0.99815
-23.5939,16.4152,0.0401227,0.00153903,0.00127359,0.0568076,0.998383
-23.331,16.4576,0.0355204,-0.000322852,0.00115094,0.0594432,0.998231
-23.0553,16.4993,0.0312113,0.000985994,-1.62821e-05,0.0585873,0.998282
-22.7903,16.5407,0.0250216,-0.000715942,-0.00182879,0.0568044,0.998383
-22.522,16.5833,0.030278,-0.00101498,-0.00293127,0.0590635,0.998249
-22.2642,16.6247,0.0375504,0.00259435,-0.00142792,0.0594945,0.998224
-22.0101,16.6593,0.0234248,0.00145453,0.00159458,0.0575422,0.998341
-21.7607,16.7022,0.0191837,-0.00134764,-0.000580241,0.0579679,0.998317
-21.4929,16.737,0.0109009,-0.000623975,-0.00155461,0.011173,0.999936
-21.2428,16.7534,0.0160793,0.00188878,-0.00356109,0.0261502,0.99965
-20.9938,16.7857,0.0189651,0.000281956,-0.00296289,0.0242567,0.999701
-20.7196,16.805,0.00877457,-0.000583228,-0.00114681,0.0275874,0.999619
-20.4415,16.826,0.00336584,0.0028761,-0.0015702,0.0273842,0.99962
-20.1675,16.8474,0.0107832,0.000633445,-0.00011794,0.0250185,0.999687
-19.8959,16.881,-0.00844904,-0.00780415,0.00363259,0.0263563,0.999616
-19.6216,16.9108,-0.00489118,-0.00273778,0.00264751,0.0294667,0.999559
-19.3549,16.9256,-0.00632781,-0.00180194,-0.000425154,0.0261411,0.999657
-19.0831,16.9617,-0.0181962,-0.00359805,0.000434577,0.0263029,0.999647
-18.8263,16.9764,-0.0182165,-0.00113698,0.00479465,0.0320891,0.999473
-18.5715,17.003,-0.0227028,0.00382646,-0.00055124,0.0265474,0.99964
-18.2969,17.033,-0.0180942,-0.003054,-0.00719726,0.0257034,0.999639
-18.0297,17.0623,-0.0226344,-0.00500066,-0.00491446,0.0290984,0.999552
-17.7739,17.0818,-0.0290672,-0.00453048,0.00192083,0.0308831,0.999511
-17.5076,17.1107,-0.029682,-0.0029095,-0.000640503,0.0269296,0.999633
-17.2564,17.1305,-0.037824,-0.00555615,0.000118085,0.0277117,0.999601
-16.9826,17.1622,-0.040432,-0.00586808,0.0060301,0.0311489,0.999479
-16.7246,17.1878,-0.0411834,-0.00541955,0.0024555,0.0273428,0.999608
-16.4478,17.2183,-0.0444008,-0.00830743,-0.00068132,0.0256256,0.999637
-16.1773,17.2362,-0.0465801,-0.000935355,0.00156975,0.0312743,0.999509
-15.9035,17.2614,-0.0534694,-0.000696033,0.00311578,0.0294417,0.999561
-15.6299,17.2919,-0.0527119,-0.00107589,0.00201807,0.0273922,0.999622
-15.3627,17.3183,-0.0526429,-0.00218153,-0.00198072,0.0305982,0.999527
-15.0936,17.3452,-0.0535263,-0.000988258,0.000705175,0.0291266,0.999575
-14.8395,17.3706,-0.0569092,-0.00141644,0.000684773,0.0272445,0.999628
-14.565,17.3951,-0.0599842,-0.000610388,0.000387109,0.0317566,0.999495
-14.2964,17.4234,-0.0597191,-0.0033502,-0.00280545,0.028218,0.999592
-14.0338,17.4507,-0.0586856,-0.00440159,-0.00181282,0.0285092,0.999582
-13.7567,17.4771,-0.0605582,-0.00394845,-0.00289351,0.0304811,0.999523
-13.5053,17.4984,-0.057116,-0.000328428,-0.00438601,0.0254188,0.999667
-13.2378,17.5075,-0.0572134,-0.000629609,-0.00353052,-0.0115862,0.999926
-12.9763,17.4887,-0.0558633,-0.00452359,-0.00112805,-0.074576,0.997204
-12.6919,17.4288,-0.0543562,-0.00438603,-0.000835663,-0.165515,0.986197
-12.458,17.2905,-0.0527903,-0.000806572,-0.00371301,-0.312111,0.950038
-12.2385,17.1365,-0.0510583,-0.00541276,-0.00204693,-0.339817,0.940474
-12.0219,16.9757,-0.0510084,-0.00358284,-0.00380565,-0.341945,0.939706
-11.8278,16.7855,-0.0438425,0.00407063,-0.00617283,-0.406414,0.913659
-11.6685,16.5745,-0.0465158,0.000532106,0.00118128,-0.520851,0.853646
-11.5785,16.3367,-0.0598575,0.00432504,0.0177518,-0.736115,0.67661
-11.6071,16.0822,-0.0863096,0.0165981,0.0266696,-0.721259,0.691953
-11.6026,15.8282,-0.091171,0.0140231,0.0206621,-0.720731,0.692764
-11.6132,15.5767,-0.0975497,0.00503064,0.00794667,-0.720089,0.693818
-11.61,15.3268,-0.0838644,-0.00649476,-0.0120132,-0.715865,0.698106
-11.6037,15.0707,-0.0674501,-0.0199352,-0.0289612,-0.68224,0.730282
-11.5609,14.7988,-0.0530908,-0.0199049,-0.0250416,-0.66828,0.743222
-11.5239,14.5292,-0.0292115,-0.0228434,-0.0260333,-0.665195,0.745866
-11.478,14.2588,-0.0146641,-0.0215772,-0.0264845,-0.663254,0.747615
-11.4423,14.0019,-0.000338375,-0.0182609,-0.0289527,-0.662902,0.747923
-11.3926,13.726,0.0172145,-0.0216588,-0.0258266,-0.663215,0.747669
-11.348,13.4479,0.02688,-0.015921,-0.0171835,-0.663264,0.748019
-11.3048,13.1842,0.0373504,-0.0159952,-0.0163563,-0.663365,0.747946
-11.26,12.9127,0.0486326,-0.0155768,-0.0181093,-0.662831,0.748388
-11.2157,12.644,0.0608981,-0.0154574,-0.0163763,-0.663053,0.748233
-11.1729,12.374,0.0716897,-0.0187036,-0.0137379,-0.663815,0.747537
-11.1245,12.0999,0.0799138,-0.021766,-0.0110595,-0.663654,0.747641
-11.0831,11.8431,0.0992158,-0.0224325,-0.0226391,-0.662177,0.748669
-11.0428,11.5748,0.104611,-0.0211174,-0.0234566,-0.663082,0.747881
-10.9975,11.3153,0.111309,-0.0125706,-0.0052242,-0.663959,0.747645
-10.9547,11.0601,0.113385,-0.0199696,0.00143612,-0.663101,0.748262
-10.9067,10.7881,0.112831,-0.0126721,-0.00526223,-0.658684,0.752294
-10.8685,10.5194,0.119296,-0.0117332,0.000691631,-0.686268,0.727254
-10.8569,10.2368,0.133422,-0.0251899,-0.010892,-0.721965,0.691385
-10.8815,9.97876,0.147592,-0.0247954,-0.011055,-0.741567,0.670329
-10.8988,9.72808,0.149136,-0.0201007,-0.00621538,-0.766862,0.641467
-10.9379,9.4614,0.155463,-0.0176685,-0.00646357,-0.799412,0.600489
-11.0121,9.1959,0.163827,-0.0168421,-0.00697216,-0.811439,0.584152
-11.089,8.94216,0.171583,-0.0188871,-0.00708989,-0.813597,0.581079
-11.1681,8.68165,0.179841,-0.0162526,-0.0063826,-0.813464,0.581353
-11.2539,8.41831,0.185245,-0.0153449,-0.0096667,-0.813563,0.581194
-11.3294,8.16289,0.196053,-0.018003,-0.00870144,-0.815061,0.57903
-11.4274,7.90555,0.202748,-0.0176995,-0.00703633,-0.853261,0.521136
-11.5554,7.65768,0.206139,-0.0128286,-0.00183768,-0.879003,0.47664
-11.6854,7.4198,0.202233,-0.00799044,0.00269611,-0.883865,0.467667
-11.8299,7.2089,0.204288,-0.00466085,0.00166305,-0.884587,0.466349
-11.972,6.98541,0.20393,-0.00631593,-2.79465e-05,-0.884499,0.466499
-12.1114,6.74812,0.200962,-0.00264877,0.00262196,-0.884457,0.466606
-12.2516,6.53724,0.197638,0.00275905,0.00202648,-0.885092,0.465404
-12.3855,6.31889,0.204297,-0.00985885,-0.00692802,-0.8848,0.465814
-12.541,6.11023,0.210493,-0.0135295,-0.0100951,-0.917246,0.397964
-12.7139,5.92463,0.218271,-0.0125195,-0.00746433,-0.927897,0.372551
-12.8963,5.73077,0.224788,-0.0130353,-0.00245478,-0.930436,0.366215
-13.0839,5.54626,0.229534,-0.0111581,-0.00680853,-0.937464,0.347836
-13.3001,5.39011,0.233805,-0.00941043,-0.00731464,-0.967991,0.2507
-13.5338,5.27412,0.236762,-0.00710963,-0.00870884,-0.994785,0.101372
-13.8083,5.27812,0.249959,0.00991032,0.0109135,0.997128,0.0742862
-14.0823,5.33192,0.251278,0.00620823,0.0117183,0.991001,0.133195
-14.3539,5.29124,0.24858,-0.00789965,-0.00697666,-0.997813,0.065251
-14.6164,5.2469,0.25319,-0.00848934,-0.0096838,-0.99743,0.0704762
-14.8811,5.20002,0.258343,-0.014322,-0.0110753,-0.997621,0.0665154
-15.15,5.15748,0.263598,-0.0172633,-0.0168561,-0.997472,0.0668332
-15.4151,5.11483,0.271522,-0.0136556,-0.0193001,-0.997313,0.069339
-15.6627,5.06811,0.277865,-0.0137226,-0.0180553,-0.997318,0.0695867
-15.9321,5.02089,0.28142,-0.0119868,-0.0183154,-0.997395,0.0687298
-16.2024,4.97532,0.284557,-0.00754386,-0.0191126,-0.997033,0.074185
-16.471,4.9217,0.288541,-0.00704902,-0.0195812,-0.996823,0.0768838
-16.7405,4.86677,0.288846,-0.00589404,-0.0180589,-0.997034,0.0745746
-17.0079,4.81551,0.287284,-0.00449375,-0.0142556,-0.997268,0.0723409
-17.2758,4.76737,0.294502,-0.00592365,-0.0149636,-0.996971,0.0760938
-17.5237,4.71705,0.294707,-0.00476603,-0.016804,-0.996775,0.0783181
-17.7968,4.66658,0.298118,-0.00306291,-0.0138147,-0.99705,0.0754366
-18.0665,4.61302,0.299745,-0.00458082,-0.0122593,-0.997034,0.0758361
-18.3339,4.56018,0.300561,-0.00681019,-0.0125829,-0.996996,0.0761214
-18.5951,4.50942,0.304095,-0.00592161,-0.0110044,-0.997262,0.0728923
-18.8617,4.45901,0.30677,-0.00747885,-0.0105966,-0.997097,0.0750251
-19.1234,4.40854,0.311518,-0.00852633,-0.0124114,-0.996916,0.0770132
-19.3915,4.35762,0.315414,-0.00679755,-0.0103529,-0.997322,0.0720741
-19.6627,4.30987,0.314491,-0.00581653,-0.00750826,-0.998995,0.0437939
-19.9455,4.27771,0.314959,-0.00630713,-0.00743315,-0.999275,0.0368145
-20.196,4.25245,0.31706,-0.00551137,-0.00924888,-0.999264,0.0368265
-20.4681,4.21595,0.311966,-0.00121255,-0.00938291,-0.999353,0.034693
-20.7246,4.19165,0.312852,-0.000909799,-0.0108681,-0.999193,0.0386506
-21.0021,4.16169,0.314866,-0.00324124,-0.0124297,-0.999175,0.0385332
-21.2636,4.1296,0.318893,-0.00405409,-0.0106301,-0.999392,0.0329697
-21.5455,4.09849,0.317303,-0.00385012,-0.010461,-0.999211,0.0381277
-21.8174,4.06881,0.311688,-0.00204762,-0.0137834,-0.999107,0.0398842
-22.0937,4.04207,0.313549,0.000220856,-0.0131066,-0.99926,0.0361679
-22.3709,4.01133,0.317103,-4.28137e-05,-0.0110398,-0.999242,0.0373281
-22.6443,3.9776,0.315068,-0.00215914,-0.0126185,-0.99915,0.0391833
-22.9184,3.94416,0.312733,-0.00163715,-0.0113214,-0.999245,0.0371194
-23.1921,3.91289,0.310708,-0.00186138,-0.00701948,-0.999382,0.0343999
-23.4584,3.88105,0.31142,-0.00293325,-0.00743865,-0.999272,0.0373006
-23.7107,3.85322,0.31045,-0.00227165,-0.00889785,-0.999174,0.0395884
-23.9788,3.82211,0.312364,-0.00148813,-0.00724172,-0.999384,0.0343019
-24.2496,3.79441,0.312799,-0.00446168,-0.00708217,-0.999249,0.0378308
-24.4977,3.76403,0.31369,-0.00506806,-0.00914217,-0.999137,0.0402101
-24.7478,3.73405,0.313331,-0.0046093,-0.00954669,-0.999316,0.0354318
-25.0123,3.70743,0.317296,-0.00523183,-0.00813209,-0.999269,0.0369897
-25.2863,3.67305,0.319108,-0.00477631,-0.00903659,-0.999192,0.0388771
-25.5528,3.64122,0.31792,-0.00380829,-0.00915743,-0.999262,0.0371049
-25.8234,3.61184,0.32089,-0.0077585,-0.00764734,-0.999346,0.0344727
-26.0884,3.58348,0.325313,-0.00853748,-0.00964633,-0.999269,0.0360045
-26.3621,3.55373,0.327697,-0.00718504,-0.0111138,-0.999208,0.0375335
-26.643,3.52414,0.329328,-0.0065963,-0.00973112,-0.9993,0.0355262
-26.9214,3.49293,0.329307,-0.0052326,-0.00950419,-0.99921,0.0382243
-27.1715,3.46123,0.327756,-0.00306667,-0.011083,-0.999075,0.0414268
-27.4412,3.43347,0.326608,-0.00267892,-0.0102872,-0.999296,0.0359823
-27.7009,3.40179,0.328664,-0.00323251,-0.00917485,-0.999174,0.0394645
-27.9672,3.37081,0.330325,-0.00300424,-0.0119939,-0.999031,0.0422413
-28.2181,3.33947,0.326491,1.04612e-05,-0.0141774,-0.999085,0.0403491
-28.4959,3.30655,0.326387,-0.000923046,-0.0146522,-0.999033,0.0414418
-28.7709,3.30123,0.333146,0.00233795,0.0172955,0.999613,0.0216676
-29.0239,3.30612,0.327133,-0.00119753,0.0167982,0.999331,0.0324504
-29.3041,3.3276,0.324278,-0.00501361,0.0130607,0.99485,0.100392
-29.5594,3.38136,0.326848,0.00593138,0.00310948,0.992803,0.11957
-29.8129,3.42172,0.324202,0.0068935,0.00680563,0.994425,0.104998
-30.0707,3.46966,0.319426,-0.00107052,0.00800571,0.993788,0.110993
-30.3406,3.5183,0.314084,-0.00551543,0.00479022,0.991262,0.131703
-30.6079,3.59078,0.310426,-0.00652978,0.000248127,0.986629,0.162849
-30.8675,3.67082,0.306883,-0.00254618,-0.000642078,0.985207,0.171347
-31.1232,3.75028,0.30718,0.00257228,-0.000384789,0.985436,0.170029
-31.3683,3.81821,0.305137,0.00227031,-0.00472266,0.987617,0.156799
-31.6387,3.88561,0.310179,0.00184192,-0.00750194,0.989828,0.142057
-31.9005,3.9448,0.313816,0.0119832,-0.00390377,0.995468,0.0942553
-32.16,3.97133,0.324252,0.0171822,-0.00264378,0.998919,0.0431146
-32.4238,3.97077,0.332912,-0.0175968,-0.00409759,-0.999062,0.0393648
-32.6833,3.91937,0.340548,-0.01785,-0.00665489,-0.996543,0.0808601
-32.9466,3.85573,0.35017,-0.0201075,-0.0082091,-0.99139,0.129126
-33.2022,3.7634,0.362179,-0.0175532,-0.0113611,-0.985722,0.167077
-33.4542,3.65557,0.365971,-0.0142849,-0.0129306,-0.978249,0.206538
-33.6917,3.52998,0.365033,-0.0138591,-0.0108578,-0.97589,0.217553
-33.9356,3.40265,0.372022,-0.0134497,-0.0125641,-0.974551,0.223409
-34.1581,3.28135,0.383055,-0.0126793,-0.0146961,-0.974731,0.222537
-34.3966,3.16916,0.392896,-0.0131601,-0.0142941,-0.983857,0.177899
-34.666,3.10084,0.39523,-0.00857613,-0.0135614,-0.996781,0.0785516
-34.9477,3.05802,0.396774,-0.00777386,-0.0160539,-0.998135,0.0583801
-35.2111,3.01565,0.393813,-0.00693056,-0.0166585,-0.998513,0.0514471
-35.4846,2.97857,0.404514,-0.00818111,-0.0163387,-0.998435,0.052855
-35.7501,2.93641,0.403865,-0.00744242,-0.0159155,-0.998344,0.0547854
-36.0167,2.9041,0.402597,-0.00591433,-0.0197526,-0.998262,0.0552163
-36.2807,2.85911,0.411514,-0.00747243,-0.019213,-0.998432,0.0520386
-36.5493,2.82434,0.406433,-0.00789254,-0.0201739,-0.998251,0.0550086
-36.8208,2.78199,0.415476,-0.00545184,-0.0204006,-0.9982,0.0561402
-37.0868,2.74078,0.420728,-0.00547032,-0.0177739,-0.998391,0.0535648
-37.3638,2.70036,0.421597,-0.00408326,-0.0196726,-0.998155,0.0572968
-37.6368,2.65874,0.41664,-0.00349721,-0.020422,-0.998038,0.0590854
-37.9156,2.61705,0.421227,-0.00398723,-0.018876,-0.998314,0.0547501
-38.1631,2.57545,0.42374,-0.00496189,-0.0193155,-0.998159,0.0572721
-38.4319,2.53608,0.425234,-0.00411658,-0.0207063,-0.997888,0.0614296
-38.703,2.49315,0.429277,-0.00281836,-0.0204418,-0.998169,0.0568611
-38.9716,2.45504,0.426316,-0.00298138,-0.01891,-0.998064,0.0591691
-39.2501,2.40728,0.42876,-0.00373263,-0.0209955,-0.997923,0.0607879
-39.5229,2.36334,0.427297,-0.00214563,-0.0211548,-0.998126,0.0573757
-39.7899,2.32031,0.435505,-0.00227693,-0.0194985,-0.998032,0.0595624
-40.0635,2.28021,0.431572,-0.00267118,-0.0195816,-0.997857,0.0623813
-40.3381,2.2353,0.433962,-0.00113947,-0.0209607,-0.997862,0.0618882
-40.5956,2.19182,0.430309,-0.000852159,-0.018218,-0.997898,0.0621843
-40.8667,2.14537,0.429686,-0.00320673,-0.0190778,-0.99787,0.0622928
-41.1252,2.10124,0.436694,-0.00228924,-0.0206928,-0.997648,0.065309
-41.3807,2.05877,0.429259,-0.000554191,-0.0180753,-0.997993,0.0606812
-41.6427,2.01388,0.437938,-0.000107975,-0.0171724,-0.997712,0.0653958
-41.892,1.97332,0.437217,-0.00068062,-0.0181865,-0.997597,0.0668447
-42.1639,1.92729,0.438287,-0.000481777,-0.0187753,-0.997744,0.0644604
-42.4111,1.88306,0.43528,-0.000720768,-0.0166365,-0.997769,0.0646518
-42.6585,1.84113,0.435416,-0.00250251,-0.0163533,-0.997749,0.064981
-42.9114,1.79577,0.439559,-0.00243702,-0.0192401,-0.99754,0.0673706
-43.185,1.75065,0.42974,-0.00106324,-0.0158343,-0.997711,0.0657399
-43.4641,1.70197,0.430243,-0.0029159,-0.0161865,-0.997641,0.066653
-43.7331,1.65439,0.433334,-0.00302881,-0.0182587,-0.997426,0.0692705
-44.0074,1.60475,0.437383,-0.00283977,-0.0173538,-0.997745,0.0647796
-44.278,1.55757,0.432478,-0.00369245,-0.014481,-0.997644,0.0669592
-44.544,1.51202,0.434651,-0.00522283,-0.0175891,-0.997348,0.0704263
-44.8172,1.46192,0.432394,-0.00460134,-0.017693,-0.99776,0.0643448
-45.0887,1.4177,0.433404,-0.00439652,-0.0160979,-0.99768,0.066003
-45.358,1.37253,0.440009,-0.00369342,-0.0175238,-0.997488,0.0685329
-45.6384,1.32161,0.435832,-0.00420384,-0.0174162,-0.997497,0.0683988
-45.9122,1.27084,0.441778,-0.00435429,-0.0162382,-0.997688,0.0658409
-46.1936,1.22523,0.437699,-0.00544409,-0.0177821,-0.997388,0.0697896
-46.4476,1.17662,0.43639,-0.00335932,-0.0188013,-0.99722,0.0720251
-46.7274,1.12449,0.443493,-0.00271719,-0.0164473,-0.997733,0.0651989
-47.0014,1.0824,0.436981,-0.00248428,-0.0148495,-0.998638,0.0499518
-47.2794,1.04581,0.443324,-0.00399025,-0.0170445,-0.998722,0.0474161
-47.5527,1.00905,0.439236,-0.00232011,-0.0147545,-0.998923,0.0439403
-47.8323,0.970831,0.442983,-0.00383262,-0.0159245,-0.998814,0.0458428
-48.1057,0.937713,0.441866,-0.00348995,-0.0158985,-0.998747,0.0473272
-48.388,0.900357,0.44385,-0.0031969,-0.0152335,-0.998823,0.0459338
-48.6739,0.860085,0.440735,-0.00521727,-0.0138104,-0.998844,0.045735
-48.9578,0.827709,0.445304,-0.00389152,-0.0158722,-0.998736,0.0475366
-49.2387,0.784332,0.441313,-0.0038416,-0.0156151,-0.998823,0.0457613
-49.4888,0.754584,0.438073,-0.00305223,-0.0136553,-0.998849,0.0458837
-49.7387,0.717896,0.442593,-0.00289822,-0.014834,-0.998699,0.0486949
-50.0217,0.684355,0.442689,-0.00210014,-0.0168594,-0.998644,0.0491984
-50.299,0.643439,0.438813,0.000241267,-0.0144471,-0.99878,0.0472212
-50.5796,0.604991,0.441035,-0.00267364,-0.0154045,-0.998685,0.0488157
-50.8282,0.572093,0.438493,-0.00261982,-0.0177496,-0.998477,0.0521797
-51.1031,0.536077,0.43708,-0.0013923,-0.0152111,-0.998788,0.0467929
-51.3749,0.497923,0.439267,-0.00428702,-0.0173516,-0.998518,0.0514055
-51.6571,0.459432,0.441424,-0.00490865,-0.0189568,-0.998367,0.0536553
-51.946,0.420368,0.439309,-0.00236586,-0.0187752,-0.998536,0.0506774
-52.2308,0.377677,0.440803,-0.00324068,-0.017292,-0.998546,0.0509454
-52.5168,0.33715,0.439506,-0.00260733,-0.0197797,-0.998302,0.0547237
-52.8036,0.296704,0.440648,-0.00198345,-0.0198979,-0.998457,0.0518066
-53.0823,0.256171,0.437711,-0.00281768,-0.0186568,-0.998339,0.054435
-53.3548,0.21863,0.439494,-0.0019557,-0.0203342,-0.998176,0.0568038
-53.6358,0.177819,0.436695,0.000818191,-0.0203817,-0.998358,0.0535205
-53.9214,0.134317,0.437329,0.000541703,-0.0199832,-0.998213,0.0563207
-54.1972,0.100473,0.439265,0.000197782,-0.0206097,-0.999262,0.0324192
-54.4779,0.0713999,0.43349,0.000693926,-0.0223856,-0.999439,0.0248838
-54.7278,0.0549461,0.433645,-0.000151763,-0.0208387,-0.999537,0.022183
-55.0088,0.0342994,0.43436,-0.000965031,-0.0214504,-0.999505,0.0229878
-55.2975,0.0075085,0.432097,-0.000664057,-0.0223474,-0.999494,0.0226296
-55.5479,-0.0158943,0.434662,-0.000611775,-0.0196699,-0.999596,0.020514
-55.8281,-0.03512,0.428853,-0.00155396,-0.0204783,-0.999481,0.0248098
-56.1066,-0.0622201,0.431313,-0.000685483,-0.0213577,-0.999436,0.0259033
-56.385,-0.0815795,0.426857,7.23401e-05,-0.0191465,-0.999589,0.0213426
-56.6708,-0.105798,0.428968,-0.00197093,-0.0189976,-0.999507,0.0249314
-56.9462,-0.136844,0.424656,-0.00121905,-0.0205833,-0.998038,0.0591244
-57.2013,-0.213768,0.427126,-0.00207947,-0.0204344,-0.98801,0.15302
-57.4608,-0.33092,0.431197,-0.00501358,-0.0176618,-0.973222,0.229132
-57.6823,-0.488883,0.438155,-0.0052604,-0.0185491,-0.951207,0.307949
-57.8991,-0.669744,0.443634,-0.00340441,-0.0185681,-0.934626,0.35513
-58.0661,-0.892605,0.444382,-0.00365741,-0.0162655,-0.884916,0.465452
-58.1987,-1.14653,0.452417,-0.00474093,-0.0157938,-0.85607,0.516597
-58.2757,-1.40394,0.45579,-0.00451372,-0.0143339,-0.784249,0.620264
-58.294,-1.66669,0.46,-0.00247353,-0.0131846,-0.731018,0.682227
-58.2961,-1.94591,0.464941,-0.00565063,-0.0162758,-0.702997,0.710984
-58.2625,-2.20324,0.47577,-0.0055343,-0.0178589,-0.62751,0.778384
-58.1556,-2.46445,0.484141,-0.00665108,-0.0173996,-0.554664,0.831866
-58.0257,-2.71757,0.492245,-0.00104715,-0.0153527,-0.536276,0.843902
-57.8994,-2.96211,0.499724,-0.00555314,-0.0141391,-0.532876,0.846057
-57.7689,-3.2153,0.505458,-0.00485735,-0.0179688,-0.529586,0.848052
-57.6438,-3.43467,0.506655,-0.00381507,-0.0182999,-0.530277,0.847619
-57.5092,-3.68187,0.517145,-0.00509709,-0.018258,-0.529546,0.848069
-57.3724,-3.93293,0.523036,-0.00479924,-0.0177464,-0.522353,0.852531
-57.2145,-4.14721,0.53076,-0.00155744,-0.015453,-0.417762,0.908424
-57.0185,-4.34574,0.532962,-0.000439901,-0.0108969,-0.390339,0.920607
-56.8062,-4.54135,0.538313,-0.00208309,-0.0127955,-0.378548,0.925491
-56.5988,-4.73021,0.546694,-0.00162562,-0.0128633,-0.374607,0.927093
-56.387,-4.89618,0.548468,-0.00406704,-0.0110894,-0.327688,0.944712
-56.1448,-5.04945,0.551524,-0.00686305,-0.0109104,-0.280221,0.959849
-55.8916,-5.17883,0.555171,-0.00467975,-0.0142146,-0.236619,0.971487
-55.6378,-5.29178,0.562843,-0.003544,-0.0133476,-0.200882,0.979518
-55.3931,-5.35655,0.564538,-0.00831447,-0.0133422,-0.0978501,0.995077
-55.1295,-5.35278,0.566663,-0.00821852,-0.0114099,0.0147788,0.999792
-54.8587,-5.32533,0.571834,-0.00785626,-0.012614,0.041738,0.999018
-54.5803,-5.28827,0.574625,-0.0077879,-0.0123147,0.0500222,0.998642
-54.301,-5.24581,0.57504,-0.00826967,-0.0104153,0.0560199,0.998341
-54.0198,-5.20359,0.581902,-0.00808465,-0.0081811,0.053932,0.998478
-53.7653,-5.17254,0.578697,-0.00780518,-0.00775017,0.0583763,0.998234
-53.4948,-5.12928,0.580941,-0.011183,-0.00637468,0.0600397,0.998113
-53.2361,-5.08137,0.577365,-0.00843252,-0.00612059,0.0601667,0.998134
-52.9583,-5.03916,0.580798,-0.00950158,-0.00627975,0.0577858,0.998264
-52.6779,-4.9897,0.580475,-0.0109523,-0.00597133,0.0580499,0.998236
-52.4021,-4.94935,0.580183,-0.00924102,-0.00336931,0.0606573,0.99811
-52.1145,-4.90314,0.580655,-0.00965024,-0.0049131,0.0562752,0.998357
-51.8334,-4.85611,0.58218,-0.00947018,-0.00491372,0.0569052,0.998323
-51.5555,-4.81668,0.575555,-0.00617736,-0.00377599,0.0601296,0.998164
-51.2816,-4.7728,0.581784,-0.00502188,-0.00431686,0.0582588,0.99828
-51.0031,-4.73079,0.580116,-0.00697738,-0.00355643,0.0582118,0.998274
-50.7275,-4.6836,0.57928,-0.00783876,-0.00437032,0.0603551,0.998137
-50.4501,-4.64391,0.580851,-0.00838425,-0.00467149,0.0598061,0.998164
-50.1723,-4.60001,0.577059,-0.00962934,-0.00362886,0.0562969,0.998361
-49.8923,-4.55616,0.581616,-0.00918178,-0.0022411,0.0599015,0.99816
-49.6077,-4.50932,0.577489,-0.00712637,-0.00169964,0.0583097,0.998272
-49.3189,-4.46642,0.579458,-0.00936274,-0.00274636,0.0566185,0.998348
-49.0424,-4.41935,0.576719,-0.0105538,-0.002471,0.0588331,0.998209
-48.7662,-4.38513,0.578238,-0.00907709,-0.00376528,0.0563202,0.998364
-48.4847,-4.33739,0.57844,-0.0105148,-0.00474305,0.054578,0.998443
-48.2077,-4.2896,0.576078,-0.0116089,-0.00343915,0.0567068,0.998317
-47.9227,-4.24883,0.571754,-0.00834696,-0.00280059,0.0563099,0.998375
-47.654,-4.21019,0.577894,-0.00984601,-0.00324133,0.0539642,0.998489
-47.3667,-4.16715,0.572925,-0.0105494,-0.00318789,0.0553888,0.998404
-47.0894,-4.12286,0.574079,-0.00681779,-0.00209928,0.0568659,0.998356
-46.809,-4.07992,0.567162,-0.00673491,-0.0032111,0.0547539,0.998472
-46.5614,-4.04451,0.566794,-0.00954966,-0.00295792,0.0550359,0.998434
-46.2856,-4.00533,0.568974,-0.00757039,-0.00237934,0.0568052,0.998354
-46.0024,-3.9592,0.567956,-0.0060541,-0.00487965,0.0555349,0.998426
-45.7217,-3.92006,0.567603,-0.00885956,-0.00352352,0.0537146,0.998511
-45.4407,-3.87482,0.566372,-0.008046,-0.00346263,0.0567941,0.998347
-45.163,-3.83601,0.566255,-0.00733043,-0.00498638,0.0551426,0.998439
-44.8776,-3.79044,0.562537,-0.00801937,-0.00463046,0.0540912,0.998493
-44.6034,-3.75381,0.567304,-0.00830619,-0.00361098,0.0568626,0.998341
-44.3176,-3.70883,0.560066,-0.00570768,-0.00394075,0.0553032,0.998446
-44.0412,-3.66849,0.565315,-0.00654825,-0.00376105,0.0540028,0.998512
-43.7528,-3.62233,0.558086,-0.00690815,-0.00471923,0.0565588,0.998364
-43.4785,-3.58555,0.566001,-0.00503098,-0.00418797,0.0564157,0.998386
-43.2312,-3.54834,0.567337,-0.00613228,-0.00474182,0.0543647,0.998491
-42.9552,-3.50631,0.564763,-0.00754739,-0.00606022,0.0568022,0.998339
-42.6732,-3.46488,0.564781,-0.00505752,-0.00627944,0.0576295,0.998305
-42.3918,-3.42223,0.566731,-0.00511221,-0.00620557,0.0554466,0.998429
-42.1023,-3.37164,0.566859,-0.00770845,-0.00592525,0.0561765,0.998374
-41.8426,-3.3376,0.562845,-0.00505721,-0.0050027,0.0581339,0.998283
-41.5822,-3.29977,0.564961,-0.00479342,-0.00544739,0.0573541,0.998328
-41.3072,-3.25358,0.569903,-0.00654931,-0.00424098,0.0563769,0.998379
-41.0241,-3.2131,0.564587,-0.00608997,-0.00509127,0.0593004,0.998209
-40.763,-3.17333,0.569664,-0.00474138,-0.00398836,0.0578964,0.998303
-40.5067,-3.1335,0.569379,-0.00662232,-0.00440792,0.0564752,0.998372
-40.2184,-3.09189,0.57069,-0.00730131,-0.00406942,0.0594197,0.998198
-39.9451,-3.04863,0.570385,-0.00412321,-0.00327117,0.0587228,0.99826
-39.6741,-3.00649,0.573992,-0.0059353,-0.00453198,0.0561597,0.998394
-39.3975,-2.96078,0.569897,-0.00768753,-0.00345568,0.0586301,0.998244
-39.1188,-2.91786,0.57639,-0.00473076,-0.00256129,0.0590051,0.998243
-38.8491,-2.87574,0.576342,-0.00572416,-0.00306562,0.0573643,0.998332
-38.5804,-2.83475,0.573585,-0.00763736,-0.00211258,0.0588771,0.998234
-38.289,-2.79128,0.575369,-0.00436522,-0.0024236,0.0604833,0.998157
-38.0147,-2.74769,0.57266,-0.00529579,-0.00186733,0.0579529,0.998304
-37.7605,-2.70903,0.568794,-0.00771565,-0.0016399,0.0591614,0.998217
-37.5093,-2.67061,0.567822,-0.00712489,-0.0008722,0.0605116,0.998142
-37.2331,-2.62617,0.566339,-0.00472243,-0.00127775,0.0599036,0.998192
-36.9604,-2.5821,0.560591,-0.0061593,-0.000948277,0.0591928,0.998227
-36.6806,-2.53509,0.557968,-0.00679171,0.000233866,0.0610315,0.998113
-36.3981,-2.4941,0.556109,-0.00542778,-0.000876539,0.0601075,0.998177
-36.1418,-2.44783,0.551023,-0.00669383,-0.00146229,0.0573603,0.99833
-35.8855,-2.41127,0.550555,-0.00843767,-0.00108412,0.0600735,0.998158
-35.6016,-2.36757,0.549168,-0.00547159,0.000847536,0.0609012,0.998128
-35.3306,-2.32441,0.550771,-0.00565933,-6.36769e-05,0.0584842,0.998272
-35.0456,-2.27871,0.546638,-0.00809035,0.000912666,0.0599876,0.998166
-34.7625,-2.23516,0.544386,-0.0056072,-0.000306275,0.0605338,0.99815
-34.4786,-2.18894,0.539998,-0.00482402,-0.000949952,0.0585235,0.998274
-34.2299,-2.14959,0.533173,-0.00692945,1.16101e-06,0.0592847,0.998217
-33.9575,-2.10467,0.532005,-0.00551821,-0.000689349,0.0610626,0.998118
-33.6824,-2.06324,0.530751,-0.00601494,-0.000676734,0.0588161,0.99825
-33.409,-2.01751,0.528532,-0.00842868,-0.00107152,0.0578706,0.998288
-33.1329,-1.97597,0.52714,-0.00737556,-0.000354158,0.0597656,0.998185
-32.8523,-1.92864,0.521646,-0.00630878,-0.000172718,0.058225,0.998284
-32.5667,-1.88662,0.520109,-0.00764088,-0.000870504,0.057309,0.998327
-32.2819,-1.83804,0.510317,-0.00764526,-0.000287968,0.0599776,0.99817
-31.9998,-1.79941,0.514785,-0.00585842,0.000350493,0.0581729,0.998289
-31.7423,-1.75739,0.507045,-0.00691799,2.58591e-05,0.0562249,0.998394
-31.4644,-1.71325,0.502268,-0.00805549,0.00231271,0.0589169,0.998228
-31.1862,-1.67172,0.499241,-0.00646194,0.00135965,0.0582687,0.998279
-30.8965,-1.62671,0.489501,-0.0076338,0.0030576,0.0556219,0.998418
-30.6302,-1.58311,0.485278,-0.00883392,0.00297363,0.0579115,0.998278
-30.3619,-1.54229,0.48519,-0.00783866,0.00299488,0.0585918,0.998247
-30.1127,-1.50651,0.478803,-0.00765973,0.00215368,0.0430799,0.99904
-29.8338,-1.47252,0.467432,-0.0086105,0.0020314,0.0339618,0.999384
-29.5434,-1.44805,0.479091,-0.00514893,-0.00293644,0.0335297,0.99942
-29.2565,-1.43152,0.479746,-0.00449877,-0.00388979,-0.00911277,0.999941
-28.979,-1.42975,0.469378,-0.00839889,-0.00171606,-0.0246037,0.999661
-28.6957,-1.42703,0.467971,-0.00957708,-0.00183361,-0.0270868,0.999586
-28.4252,-1.4207,0.470216,-0.00887032,-0.00605547,0.0261015,0.999602
-28.1508,-1.38458,0.464012,-0.0129787,-0.00279453,0.042077,0.999026
-27.8716,-1.35549,0.462407,-0.00601433,-0.00386228,0.0536753,0.998533
-27.6006,-1.3098,0.458618,-0.00871599,0.000730989,0.0513827,0.998641
-27.3515,-1.27447,0.452319,-0.010046,0.00117983,0.0495894,0.998718
-27.0753,-1.23516,0.454628,-0.0110225,-0.000242656,0.0531356,0.998526
-26.7875,-1.1908,0.446337,-0.00850165,-0.00020047,0.0527418,0.998572
-26.498,-1.15047,0.448926,-0.010129,-0.00100566,0.0502866,0.998683
-26.2144,-1.10605,0.437756,-0.010918,-0.00116375,0.0515165,0.998612
-25.9611,-1.08641,0.442015,-0.00835725,-4.56061e-05,0.041715,0.999095
-25.684,-1.05886,0.442112,-0.00960499,-0.00272135,0.0124127,0.999873
-25.4249,-1.04059,0.432389,-0.011082,-0.00102695,0.00506116,0.999925
-25.171,-1.02938,0.431591,-0.00945867,-0.00137715,0.00598946,0.999936
-24.8932,-1.01515,0.432054,-0.00689923,-0.000462264,0.003906,0.999968
-24.6182,-1.00389,0.427943,-0.00949349,-0.00101435,0.0014389,0.999953
-24.3322,-0.992049,0.427143,-0.0086762,-0.00125839,0.0051936,0.999948
-24.0508,-0.981702,0.423374,-0.00650702,-0.000769622,0.00374186,0.999972
-23.7616,-0.966335,0.421212,-0.0071995,-0.000952238,0.0018456,0.999972
-23.475,-0.940655,0.41703,-0.00748603,0.0013264,0.0302288,0.999514
-23.1912,-0.914739,0.414244,-0.00397403,0.000236156,0.034009,0.999414
-22.91,-0.886492,0.415126,-0.00632138,-0.0026333,0.0329385,0.999434
-22.6362,-0.853465,0.411561,-0.00815333,-0.00270473,0.035246,0.999342
-22.3563,-0.824116,0.411586,-0.00768734,-0.000202233,0.0349633,0.999359
-22.1057,-0.796449,0.404776,-0.00718168,-0.00192499,0.0336114,0.999407
-21.8377,-0.766103,0.412612,-0.00979734,-0.00345003,0.0332179,0.999394
-21.5526,-0.736146,0.404111,-0.00582095,-0.00159601,0.0357039,0.999344
-21.2669,-0.709325,0.406931,-0.00394343,-0.00344948,0.0338967,0.999412
-20.9866,-0.674986,0.407522,-0.00652272,-0.00292315,0.0327821,0.999437
-20.6988,-0.647535,0.406755,-0.00514739,-0.0044619,0.0351483,0.999359
-20.419,-0.617801,0.408516,-0.00210538,-0.00562927,0.0342218,0.999396
-20.1388,-0.592432,0.412077,-0.00235144,-0.00598066,0.0333128,0.999424
-19.8893,-0.564995,0.407493,-0.00393672,-0.00306773,0.0359657,0.999341
-19.6151,-0.531455,0.411191,-0.00272882,-0.00339635,0.0339828,0.999413
-19.3302,-0.503175,0.410897,-0.00483528,-0.00359075,0.0324073,0.999457
-19.0796,-0.474019,0.409294,-0.00751667,-0.000214084,0.0343437,0.999382
-18.8139,-0.444445,0.406754,-0.00450076,-0.00160143,0.0352814,0.999366
-18.5239,-0.409739,0.411991,-0.00697798,-0.00411734,0.03095,0.999488
-18.2421,-0.382775,0.40503,-0.00904338,-0.00137745,0.0327476,0.999422
-17.9631,-0.352032,0.405993,-0.005449,-0.00231258,0.0349521,0.999371
-17.7139,-0.326232,0.406445,-0.00596296,-0.00255114,0.032531,0.99945
-17.4324,-0.295561,0.408463,-0.00897927,-0.00475642,0.0321393,0.999432
-17.1551,-0.263716,0.40518,-0.00519977,-0.00282081,0.0351928,0.999363
-16.9056,-0.241323,0.40388,-0.00399345,-0.00291062,0.0339623,0.999411
-16.6371,-0.212613,0.405786,-0.00428414,-0.00252884,0.0520727,0.998631
-16.3582,-0.163543,0.399469,-0.00330239,-3.92167e-05,0.0683798,0.997654
-16.0779,-0.114602,0.400461,-0.00398479,0.000785412,0.0703732,0.997512
-15.8101,-0.064425,0.400862,-0.00525967,0.000338836,0.0687986,0.997617
-15.5326,-0.0101565,0.40222,-0.00702089,0.0011228,0.0708468,0.997462
-15.2461,0.0372428,0.391652,-0.00246573,0.00316169,0.0444719,0.999003
-14.9559,0.0482574,0.395269,-0.00398641,0.00237012,-0.00891229,0.99995
-14.6847,0.0533131,0.389151,-0.00585583,-0.000247697,-0.0035502,0.999977
-14.3969,0.0634722,0.393037,-0.0037536,-0.000490231,0.00186294,0.999991
-14.1087,0.0708793,0.385373,-0.00695343,0.0032056,-0.00135105,0.99997
-13.8379,0.0926488,0.382224,-0.0113364,0.000909181,0.000657279,0.999935
-13.5525,0.104469,0.381612,-0.00903816,0.00197553,0.00285397,0.999953
-13.2666,0.116665,0.377768,-0.0102071,0.00206984,-0.000678492,0.999946
-12.9907,0.127119,0.376265,-0.0147343,0.00160914,-0.00197518,0.999888
-12.7175,0.139698,0.369198,-0.0127658,0.00213039,0.00051345,0.999916
-12.4311,0.14846,0.370805,-0.0140092,-0.00268273,-0.00277885,0.999894
-12.1417,0.164991,0.366062,-0.0155105,0.00152731,-0.0029744,0.999874
-11.8917,0.173208,0.360802,-0.0142314,0.00476511,0.000145693,0.999887
-11.6367,0.176906,0.355129,-0.0102675,0.00352446,-0.00593776,0.999923
-11.3749,0.182719,0.35399,-0.0114621,-0.017202,-0.0105454,0.999731
-11.0947,0.183738,0.349837,-0.0140529,0.000622546,-0.0225026,0.999648
-10.8245,0.182326,0.34683,-0.0116701,0.00174755,-0.022968,0.999667
-10.5395,0.176559,0.346227,-0.0154879,0.000451297,-0.027146,0.999511
-10.2518,0.180745,0.337244,-0.0163013,0.00591983,-0.0259521,0.999513
-9.96229,0.178548,0.332949,-0.0146434,0.00587524,-0.0240555,0.999586
-9.69274,0.175949,0.340767,-0.0109298,-0.00379658,-0.0248161,0.999625
-9.43026,0.184114,0.356563,-0.00383104,-0.0297027,0.0218834,0.999312
-9.17489,0.208599,0.35956,-0.0104956,-0.0148679,0.0176281,0.999679
-8.92042,0.226018,0.345275,-0.0149146,0.00845287,0.017055,0.999708
-8.63371,0.248473,0.337219,-0.0173656,0.00748255,0.0180145,0.999659
-8.37476,0.280997,0.34605,-0.0121838,-0.0104792,0.0468842,0.998771
-8.12388,0.315967,0.34613,-0.00999505,-0.00941844,0.0476125,0.998771
-7.85162,0.349829,0.342787,-0.0107569,-0.00124994,0.0485184,0.998764
-7.58557,0.389765,0.332445,-0.0117861,-0.000228146,0.0503327,0.998663
-7.32289,0.429163,0.346971,-0.00784895,-0.0110317,0.0510883,0.998602
-7.0424,0.466,0.351321,-0.00916395,-0.0114106,0.0477425,0.998752
-6.75367,0.507989,0.345057,-0.0122138,-0.00450232,0.0476504,0.998779
-6.47311,0.547188,0.328543,-0.00962838,0.00479252,0.0500131,0.998691
-6.19839,0.585538,0.327754,-0.0110217,0.00562761,0.0475861,0.99879
-5.91743,0.618392,0.330027,-0.0129071,-0.00551675,0.0117204,0.999833
-5.64106,0.614919,0.332333,-0.0116003,-0.00511475,-0.0302667,0.999461
-5.35123,0.605407,0.326069,-0.00986338,-0.00378459,-0.041946,0.999064
-5.06717,0.592802,0.321588,-0.0141544,2.98433e-05,-0.0454538,0.998866
-4.7883,0.580646,0.315376,-0.0121042,0.00240613,-0.0424587,0.999022
-4.50686,0.563662,0.312851,-0.0112931,0.00197899,-0.0453509,0.998905
-4.22602,0.547684,0.304507,-0.0135936,0.00469876,-0.0468971,0.998796
-3.97514,0.535779,0.29939,-0.0131421,0.00667122,-0.0444841,0.998901
-3.72456,0.519268,0.293957,-0.0100764,0.00723114,-0.0452159,0.9989
-3.4505,0.506863,0.288211,-0.0100799,0.00862925,-0.0478442,0.998767
-3.1629,0.491212,0.272528,-0.0122458,0.00810596,-0.0464385,0.998813
-2.88325,0.468328,0.272348,-0.0082106,0.0061606,-0.0634958,0.997929
-2.60792,0.409758,0.265764,-0.00678017,0.0011642,-0.136525,0.990613
-2.33688,0.335945,0.259125,-0.0070754,0.00476437,-0.151376,0.988439
-2.09335,0.265524,0.250084,0.00180696,0.0088887,-0.147331,0.989046
-1.82504,0.190509,0.238932,0.00711152,0.0131867,-0.105506,0.994306
-1.56023,0.156277,0.229747,0.00194524,0.00804441,-0.0970337,0.995247
-1.27885,0.133233,0.21755,-0.000219287,0.00805196,-0.0238877,0.999682
-1.00054,0.139897,0.202327,0.000944766,0.00914967,-0.00643265,0.999937
-0.724574,0.147655,0.196394,0.000654505,0.00585998,-0.0041069,0.999974
-0.448129,0.160099,0.193887,4.22357e-05,0.00684144,0.000368098,0.999977
-0.158354,0.173522,0.176908,0.00288907,0.00739287,0.00524642,0.999955
